281.4166666666667,1.2618749999999999,0.0008800000000000001,1.510875,0.14800000000000002,0.37687499999999996,2.73,0.3525,1.42375,1.89075
315.4500000000001,1.31818359375,0.0009747000000000001,1.0213359375,0.21656796874999998,0.291015625,3.1217578125,0.41539843750000005,3.3192109375,1.7377687499999999
315.7999999999999,1.4625,0.0008687500000000001,1.21125,0.211875,0.29890625000000004,2.5895625,0.455,1.2505000000000002,2.1885
317.55,1.49765625,0.0020252250000000003,0.6077437499999999,0.270234375,0.79067265625,2.474625,0.5183,1.0271828125,1.7049375000000002
329.48333333333306,1.7976562500000002,0.001812725,0.62934375,0.304609375,0.3725625000000001,2.5871250000000003,0.5711750000000001,1.7589290625,1.4469374999999998
332.58333333333314,2.2888124999999997,0.0012775000000000002,0.87225,0.2028203125,0.5169609374999999,4.715887500000001,0.26599999999999996,0.8939575,1.9515
332.7166666666669,1.75691015625,0.00098215625,0.7602462187499999,0.158060546875,0.28810072998046876,5.44818515625,0.26635000000000003,1.106780078125,2.0633118749999997
337.7166666666668,1.183833984375,0.001424375,1.0938984375,0.30358593749999996,0.28914062500000004,3.1217578125,0.41914843749999997,3.817378125,2.8549546875
338.8666666666667,1.5,0.001,0.6,0.25,0.25,3.0,0.4,1.0,1.2
345.68333333333317,1.5,0.001,0.54,0.2375,0.30625,3.0,0.28800000000000003,1.0,1.7759999999999998
346.03333333333325,1.38421875,0.0017456249999999998,0.487485,0.39450625,0.3154482421875,3.63496875,0.2471875,1.8580059374999998,1.8110625
349.7333333333331,1.35,0.000925,1.083,0.21500000000000002,0.320625,3.0,0.722,1.0,1.7399999999999998
351.46666666666664,1.1943750000000002,0.001988725,0.7330312499999999,0.21695312500000002,0.5008593750000001,3.70171875,0.443125,0.8383935937500001,1.1308125
365.63333333333327,1.333125,0.0008409375000000001,2.1196875,0.19593750000000001,0.274453125,2.7947812499999998,0.39749999999999996,1.5277500000000002,1.9642499999999998
366.10000000000014,1.514859375,0.00105625,0.7534406250000001,0.2475,0.29281250000000003,3.1978125,0.4805875,2.675235625,1.9014375
370.2166666666668,1.7526562500000002,0.00093875,0.806570625,0.2610625,0.25675896484375005,2.6042812499999997,0.2564298,0.9436718749999999,1.4289375
372.96666666666664,2.039859375,0.0009475,1.3955990624999999,0.19837500000000002,0.350734375,5.8799062499999994,0.66440625,1.92326875,2.9683874999999995
375.68333333333334,1.4681250000000001,0.00089,1.2913199999999998,0.18425,0.28202359375,3.1374375,0.571545,0.97340625,2.73315
377.8666666666669,2.1751523437499998,0.0007560000000000002,0.8068042500000001,0.169075,0.28901578125,3.484078125,0.6252775,1.4962203125000002,4.614791250000001
380.98333333333363,1.5159638671875,0.00178685234375,0.6009955722656249,0.22193613281250002,0.36114241326904295,4.69766044921875,0.32368760750000003,1.13185044921875,1.8675832031249997
380.9999999999997,2.7,0.001,1.02,0.25,0.25,3.0,0.4,1.0,2.28
384.1000000000001,1.425,0.0007375000000000001,0.585,0.22000000000000003,0.32906250000000004,3.0,0.36,1.3075,2.5469999999999997
384.96666666666636,1.2975000000000003,0.0011940625,0.9057374999999999,0.25671875,0.30560085156249994,2.9088281250000003,0.37125,1.7800406249999998,1.6614449999999996
389.0000000000001,1.408125,0.0008800000000000001,0.8347499999999999,0.32687499999999997,0.27999999999999997,3.0,0.3555,2.7731250000000003,2.0054999999999996
391.4166666666668,1.5,0.0018,0.5267999999999999,0.2,0.2700375,2.94375,0.37,1.15,1.3439999999999999
393.20000000000016,1.4625,0.0012000000000000001,0.6975,0.2375,0.25625,3.8249999999999997,0.2975,1.1875,1.5015
395.38333333333316,1.5,0.001,1.14,0.25,0.25,2.4000000000000004,0.4,1.0,2.16
395.6333333333332,1.4656875,0.0021891562499999997,1.0206374999999999,0.25453125,0.20226171874999999,5.1,0.39125,1.8889031250000001,1.5371249999999999
397.4833333333335,1.48125,0.0018540000000000002,1.0747499999999999,0.236875,0.296875,2.5987500000000003,0.355,1.596375,1.7249999999999999
397.5,2.827771508789062,0.00135539375,0.74398974609375,0.29928173828125004,0.24476381835937497,5.772861767578125,0.550122109375,1.506239861328125,1.380728173828125
397.6166666666666,1.5,0.0007,0.48,0.2,0.225,3.0,0.4,1.0,1.2
402.6999999999998,0.9985664062499999,0.001305265625,0.5256778124999999,0.29057890625,0.8416714526367189,2.889071484375,0.7183687500000001,1.6102952734375,1.9571484375000001
403.64999999999986,1.771875,0.0010856250000000002,0.704475,0.2421875,0.26538296875,3.31546875,0.3682500000000001,0.9793062499999999,1.3837499999999998
403.93333333333334,1.3415625000000002,0.0027,0.5763750000000001,0.14656249999999998,0.6434171875,3.15,0.374375,1.68440625,1.335375
404.1166666666665,2.7,0.000595,0.54,0.225,0.2375,3.0,0.4,1.0,1.2
405.19999999999993,2.621953125,0.00224465625,0.7113562499999999,0.23898437500000003,0.3054063671875,5.5839375,0.5331368750000001,0.9563100000000001,1.8819149999999998
405.93333333333334,1.809375,0.0009131250000000001,0.698625,0.24343750000000003,0.4466953125,3.465,0.5445475,0.9530500000000001,3.1374
406.3000000000001,2.6126484375000003,0.00287294175,0.917109375,0.2209140625,0.31408984375,2.9552578125,1.06824375,2.2937928906250002,1.6157718749999999
407.3833333333332,1.651921875,0.0014770625,0.637155,0.2292578125,0.23528339843749999,4.6932984375,0.8021562499999999,1.31166484375,2.9323687499999997
407.5833333333335,1.255810546875,0.0016440812500000002,1.09173046875,0.341911328125,0.47062109375,2.803541015625,0.37394921875,2.5915390625,1.253484375
407.7333333333333,1.5,0.001,0.6,0.425,0.30625,3.0,0.4,1.0,1.6800000000000002
408.21666666666687,1.80384375,0.002054125,0.6743100000000001,0.233515625,0.295566796875,6.986596875,0.9583125,1.6733296874999999,1.5181874999999998
408.9666666666664,1.04671875,0.0016270000000000002,0.6841875,0.3735625,0.36312500000000003,3.9740624999999996,0.3721875,1.743125,1.4926875
409.0833333333334,1.490625,0.00153475,0.7008749999999999,0.27828125,0.2984375,3.3431249999999997,0.48668750000000005,1.240615625,1.2590625
409.23333333333346,2.121328125,0.0015438625,0.43560103125,0.3569921875,0.26351796875,3.043125,0.60903125,1.5292611718749998,3.2085121875
409.51666666666625,1.7228906250000002,0.001101,0.679134375,0.28691718749999995,0.401701171875,3.605625,0.5777187500000001,1.2175,1.8932812499999998
410.4166666666664,1.8,0.00091125,1.16739,0.246875,0.2557659375,2.9859375,0.35400000000000004,0.8158749999999999,2.5601999999999996
410.61666666666673,2.55,0.0014,0.6,0.2375,0.510625,2.7,0.8890999999999998,0.975,1.4699999999999998
410.7499999999998,1.9833105468749999,0.0011116875,1.3976047968749998,0.30420703125,0.179957421875,3.224465625,0.670138671875,1.02403125,1.95010546875
412.0166666666667,1.4109375,0.0009850000000000002,0.5921624999999999,0.3505,0.19625,3.4612499999999997,0.42230000000000006,1.021875,2.857125
412.89999999999935,1.4789765625000002,0.0009767575000000001,0.61676278125,0.3499296875,0.26089844067382806,2.57957109375,0.34601875,2.538589453125,1.6254796875
413.6833333333332,1.3407421875,0.00117175,0.7309218749999999,0.313078125,0.28453125,3.018515625,0.410796875,2.2697656250000002,2.7289218749999997
414.4000000000001,1.5275976562500002,0.0011402500000000002,1.8466263281249997,0.275791796875,0.389672705078125,4.637671875,0.43692968750000005,1.70954375,1.29673828125
414.5833333333335,1.3348828125,0.0015314666875,0.65879296875,0.38957421875,0.37427646484375,4.069919531249999,0.47516484375000007,1.88094778125,4.1030803124999995
415.38333333333327,1.4953125,0.00079695,0.6886874999999999,0.24046875,0.197421875,3.12103125,0.42875,0.954365625,1.153875
417.06666666666615,2.1,0.000925,0.5700000000000001,0.29375,0.37124999999999997,2.55,0.732,1.0,2.2199999999999998
418.46666666666675,1.5106054687500001,0.0027963843749999997,1.095056484375,0.3188515625,0.27962436279296876,4.577630859375,0.3153130375,1.956786171875,1.7920078124999999
421.6333333333338,1.569,0.00091,0.4935,0.25,0.45,3.0,0.4,1.2,1.7399999999999998
421.81666666666655,1.48125,0.00103,0.8347499999999999,0.283125,0.55125,3.0,0.385,2.1103375,1.335
422.183333333333,1.5750000000000002,0.001355625,1.0936949999999999,0.2484375,0.227594671875,2.99296875,0.377,2.48508125,1.6920899999999996
424.8666666666666,1.5,0.001,0.6,0.25,0.2125,2.55,0.4,1.0,1.6800000000000002
426.9833333333329,1.403583984375,0.001574515625,0.5585173945312499,0.24480976562499998,0.22693208310546878,5.759789648437499,0.38958774187500006,1.4527633984375,1.9486101562499996
428.4500000000002,1.4203125,0.001085,1.08825,0.34581249999999997,0.25203125,2.8608000000000002,0.725625,1.7713921875,2.1058125
429.3166666666667,1.44375,0.0008987500000000001,0.8272499999999999,0.26812500000000006,0.34578125000000004,3.0,0.365,1.3951250000000002,2.0084999999999997
429.5666666666666,1.0162543945312499,0.0012872578125,0.5642586972656249,0.22240488281249998,0.28846604155273436,4.379894824218749,0.4447938709375,1.20138169921875,1.4754440624999998
429.83333333333337,3.3327187499999997,0.0009142187500000001,1.372359375,0.215625,0.30734375,5.05875,0.6008374999999999,1.3581,3.9764774999999997
430.28333333333364,1.66875,0.0016906250000000003,0.615,0.25671875,0.44742187499999997,3.8686875,0.7887625,1.4565000000000001,2.0920687499999997
430.3833333333331,1.490625,0.0009850000000000002,0.5921624999999999,0.363,0.22078124999999998,3.4612499999999997,0.8141400000000002,1.046875,1.2337500000000001
431.5500000000001,1.27640625,0.0011426562500000002,0.7548,0.3651796875,0.8159832031250001,4.9620684375,0.5679406250000001,1.207875,1.7605171874999999
431.93333333333345,1.22034375,0.0011650000000000002,0.79925625,0.48390625,0.49875,3.1573124999999997,0.486875,2.06620625,1.4703749999999998
432.3833333333337,3.06,0.0009625,0.46799999999999997,0.384375,0.643625,2.8875,0.726,1.0,1.5899999999999999
433.1499999999996,1.5,0.001,0.6,0.25,0.6525,3.0,0.32000000000000006,1.0,1.2
434.14999999999986,2.8612593750000004,0.0010949062500000002,0.561645,0.3338015625,0.29917210546875,2.5482351562499996,0.3643787500000001,1.079325140625,1.5371437499999998
436.2999999999998,1.333125,0.0015,0.6789000000000001,0.414375,0.2625,4.21875,0.422625,1.4343750000000002,1.4707499999999998
436.3666666666664,2.55,0.001,0.6,0.225,0.25,3.0,0.33999999999999997,0.95,1.7399999999999998
436.5833333333338,1.9239843750000003,0.0015558750000000002,0.6863259374999999,0.27128125,0.24908260742187502,2.8309218749999996,0.26000215000000004,0.9461328124999999,1.45790625
437.3999999999997,1.0200000000000002,0.0010325,0.71778,0.265,0.38360703124999995,2.8246875,0.36550000000000005,1.075,1.6307999999999998
437.4666666666667,2.1,0.0008225,0.7734,0.24375,0.261531875,2.971875,0.30800000000000005,0.6317499999999999,1.8119999999999998
437.48333333333295,2.292046875,0.0016710000000000002,0.63834375,0.53870625,0.385,3.3745312499999995,0.5415937500000001,1.4216062500000002,1.500075
438.36666666666684,1.8106640625,0.00125943125,0.577800515625,0.34505859375000003,0.245040234375,4.96134375,0.4254359375,1.3471305859374998,2.6947560937499997
439.13333333333355,1.35,0.0018000000000000002,1.02,0.25,0.25,3.0,0.4,1.8,1.2
441.3166666666667,1.35,0.0008325,1.083,0.3025,0.189375,2.775,0.38,1.0,1.98
442.8833333333335,1.5,0.0009500000000000001,0.6525000000000001,0.2259375,0.62015625,3.3496875,0.42250000000000004,0.9822875,1.4925
442.98333333333323,1.5374999999999999,0.0014375,1.23606,0.210625,0.27211167968750005,3.88875,0.29924999999999996,1.115,2.6774999999999993
443.93333333333305,1.8,0.0009625,0.8250000000000001,0.281875,0.2375,2.8875,0.5268,1.355,1.8599999999999999
444.8833333333332,1.2618749999999999,0.0011,0.61875,0.18500000000000003,0.48624999999999996,3.525,0.5425,1.816875,1.050525
445.05,2.62930078125,0.001319090625,0.642987421875,0.267732421875,0.25133640625,5.5316671875,0.39949871875,1.2884715429687499,2.37697265625
445.3666666666664,1.5,0.001,0.6,0.25,0.25,3.0,0.4,1.0,1.2
445.84999999999997,3.334125,0.00151,0.7050000000000001,0.2,0.30625,3.0,0.4,1.2,1.2
447.4,1.34671875,0.001745625,0.70545,0.2320625,0.334707421875,9.035034374999999,0.385625,1.8330059374999998,1.7765624999999998
448.6499999999998,1.4503125000000001,0.0011822500000000001,0.9122174999999999,0.23578125,0.29308708984375004,3.0433125,0.4175,0.923740625,1.239375
449.4166666666668,1.0729031249999998,0.001462625,0.5457525,0.239875,0.8517039943359374,3.5925749999999996,0.349375,1.6648809374999998,1.4171700000000003
450.8000000000001,1.505302734375,0.0022481921875,0.8475282421874999,0.25942578125000004,0.29184974511718753,3.7888154296875,0.53765651875,1.8283930859375,1.49600390625
450.99999999999994,1.5,0.001,1.02,0.18000000000000002,0.25,3.0,0.33999999999999997,1.805,1.7399999999999998
452.9333333333332,4.193043017578124,0.0010607875,0.6779794921875,0.2670634765625,0.34932519531249995,8.30572353515625,0.71524421875,2.3124049609375,1.82695634765625
452.9666666666671,1.4953125,0.0012270000000000002,0.6121874999999999,0.7686687499999999,0.33203125,4.225312499999999,0.3871875,1.390625,1.2376874999999998
453.46666666666687,3.12807626953125,0.0008217500000000001,0.62460350625,0.2384609375,0.2913655615234375,2.9142773437500002,0.8968984675,1.2463175390625,2.4161821875000005
454.28333333333336,1.6433671875,0.0010709375,0.7289578125,0.24484375,0.279097734375,3.256640625,0.42441875000000007,1.8272709375,1.6425937499999999
454.3000000000003,1.5,0.001,0.6,0.4625,0.255,2.775,0.7000000000000001,0.95,2.112
455.39999999999975,1.425,0.0014000000000000002,1.539,0.25,0.25,3.0,0.4,1.4,1.2
457.01666666666665,2.8519101562499998,0.0011899375,1.04577234375,0.242640625,0.3400690380859375,4.6357265625,0.4551512,2.5200842968749995,2.890535625
457.13333333333287,1.5,0.00135,0.5267999999999999,0.3375,0.24254687499999994,2.71875,0.867,1.1,2.2560000000000002
457.24999999999994,1.7603906249999999,0.00100225,0.57609375,0.26347187499999997,0.5125390624999999,5.453156249999999,0.9421506249999999,1.1890625,1.5537187499999998
457.25000000000045,1.5,0.001,0.6,0.25,0.25,3.0,0.4,1.0,1.2
458.21666666666704,1.181484375,0.0013435,0.8768437499999999,0.40115625,0.3065625,3.48703125,0.37159375,1.6953125,2.1428437499999995
459.54999999999995,1.4625,0.0010600000000000002,1.0695,0.31625000000000003,0.3625,3.0,0.37,1.48275,1.4699999999999998
462.28333333333325,1.3659374999999998,0.0011250000000000001,0.657375,0.27331249999999996,0.26453125,5.2635000000000005,0.5731875,1.1582671875,2.1065625
462.4666666666663,2.141625,0.0007119,0.5802097500000001,0.279140625,0.8392025501953124,8.056237499999998,0.47243749999999995,1.41371875,2.37708
462.71666666666687,1.4625,0.0012000000000000001,0.93,0.3978125,0.2453125,3.99375,0.37,2.389875,1.4505
464.3,1.5,0.0017,0.5925,0.28125,0.27031249999999996,2.625,0.2975,0.8875,2.3775
464.6999999999999,1.471875,0.0009493750000000001,1.284525,0.25906250000000003,0.297890625,3.0,0.3825,1.07780625,1.60425
464.9333333333335,1.35,0.0007750000000000001,0.5700000000000001,0.21500000000000002,0.208125,3.0,0.38,1.0,3.8759999999999994
465.5833333333334,1.442109375,0.0013728125,0.5437425,0.3687778125,0.26397412109375,3.0924843749999997,0.32359375,1.4290029687499999,1.74553125
465.6500000000002,1.797,0.0008340000000000001,0.475605,0.240625,0.63258985546875,4.570874999999999,0.3775,1.0387499999999998,1.3128
468.0,3.415546875,0.0008950000000000001,0.493040625,0.26575,0.22695312499999998,1.962646875,0.298608525,0.7794375000000001,2.69184375
470.1833333333333,1.5,0.0024300000000000003,0.6,0.225,0.55125,3.0,0.9720000000000001,2.565,1.2
470.29999999999984,1.4953125,0.0009925000000000001,1.0729462499999998,0.294,0.44890624999999995,3.0575625,0.3365350000000001,0.94859375,1.486875
471.3833333333338,4.23189375,0.0012048125000000002,0.5311275,0.40378125,0.3530317109375,4.1655468749999995,0.3756875,1.26146278125,1.3005375
473.2499999999996,1.5,0.001,0.6,0.425,0.2125,2.55,0.4,1.0,1.6800000000000002
475.33333333333303,2.1,0.000925,0.5700000000000001,0.29375,0.42749999999999994,2.775,0.732,1.0,1.98
475.63333333333304,1.5,0.001,1.08,0.126,0.23125,2.775,0.33999999999999997,1.71,1.98
478.0833333333332,1.4484374999999998,0.0011875000000000002,1.1542500000000002,0.2936875,0.27703124999999995,6.5448,0.40937500000000004,1.2345089062499999,3.6709874999999994
478.11666666666656,2.4225,0.0011200000000000001,0.81,0.25,0.25,3.0,0.4,1.4,1.2
478.9166666666666,2.8410937499999998,0.0019354500000000002,0.5986874999999999,0.24046875,0.23695312500000001,3.2428125,0.42875,0.954365625,2.508975
479.08333333333354,1.5,0.0009500000000000001,0.8400000000000001,0.19125,0.203125,2.5875000000000004,0.49299999999999994,1.33,3.162
479.1666666666664,2.287557421875,0.0012457000000000002,1.2078539062499998,0.5560146875,0.62521875,3.6148828125,0.5082734375,3.0995223437499995,1.2577687499999999
479.9666666666671,1.47589599609375,0.0015441691406250001,0.6421293486328126,0.22463994140625,0.3230114166210938,3.9271349121093744,0.321927854828125,0.8763826796875,3.05940931640625
480.8999999999996,1.295625,0.0019015000000000002,0.964125,0.34375,0.3015625,6.091874999999999,0.359375,2.2802499999999997,1.336875
480.8999999999998,3.115125,0.0013800000000000002,0.64875,0.2390625,0.25078124999999996,2.7,0.34875,1.04375,2.55675
482.366666666667,2.3653125,0.001298625,0.7168612499999998,0.27430078125,0.2620810546875,2.6403515625,0.5354062500000001,1.5913859375000001,0.8925590625
482.83333333333354,2.4170625,0.0012300000000000002,0.6525000000000001,0.432,0.49281250000000004,2.85,0.5415000000000001,1.0875,1.335
483.81666666666695,1.5,0.0008500000000000001,0.444,0.16624999999999998,0.3621875,4.02375,0.48000000000000004,1.35,1.152
483.9833333333331,2.175,0.0009875,0.9299999999999999,0.2353125,0.340234375,7.322718750000001,0.804175,1.49025,5.9887049999999995
484.5833333333329,2.7647578125,0.0007655000000000001,0.7632853125,0.267384375,0.24166073242187502,2.699015625,0.43146490000000004,1.0543359374999999,1.80496875
485.16666666666646,1.5843515625,0.001749155625,1.2454630312500001,0.31027890625,0.3450099609375,2.321878125,0.999984375,2.933666640625,1.8909375
486.1666666666669,1.22503125,0.0011425000000000003,0.6779625,0.28212499999999996,0.34578125,3.5656874999999997,0.47091000000000005,1.4596312500000002,1.6897499999999999
486.6833333333332,1.5,0.001,0.585,0.225,0.26249999999999996,2.55,0.45,0.975,3.315
486.7500000000004,1.4540625,0.0014150000000000002,1.3977374999999999,0.27607812499999995,0.26074609375,2.8603125,0.4215,1.3825,1.9946249999999999
487.5166666666672,2.565,0.0011075,0.7402799999999999,0.2875,0.2500234375,4.939406249999999,0.4105,1.0625,2.3295
487.8333333333332,1.0596591796875,0.0008561000000000002,2.3242950117187497,0.2628958984375,0.3198363525390625,7.255788281249999,0.41846484375000004,2.5740665624999997,1.248369140625
487.8666666666667,1.92375,0.0012600000000000003,0.7222500000000001,0.2375,0.275,3.645,0.38250000000000006,1.3875,1.2614999999999998
488.6333333333328,1.5,0.0014000000000000002,1.2539999999999998,0.24378125,0.24039843749999998,2.971875,0.47250000000000003,1.08875,1.7377500000000001
488.6499999999998,1.5,0.001,0.42,0.25,0.2125,2.55,0.4,1.0,1.6800000000000002
489.91666666666674,0.9960234374999999,0.0010135,0.569109375,0.22910906250000002,0.5923046875,3.7874999999999996,0.40484375000000006,1.18645625,1.471584375
490.05000000000024,1.56,0.000955625,0.9133499999999999,0.42234375,0.42990104687499997,2.6929687500000004,0.377,0.78555625,1.833
490.11666666666645,0.9778125,0.001056875,0.861405,0.3090625,0.2916640625,1.9772812499999999,0.368,1.2725625,1.6762499999999998
491.7166666666666,2.4862499999999996,0.0012000000000000001,0.81375,0.31765625,0.25078124999999996,3.909375,0.567375,1.7886875,1.3284
491.75,2.3711015625000003,0.002060625,0.7191853125000001,0.26965625,0.372794326171875,4.212703125,0.3094649,1.2946203124999998,1.80459375
491.8833333333324,1.40162109375,0.0021201625000000003,0.9039609375,0.36757265625,0.24539062500000003,2.60708203125,0.3778984375,1.497578125,1.8107109375
492.3833333333332,1.2684375,0.00209125,0.6159,0.239125,0.36941484375,4.4105625,0.32125,2.2910118749999997,2.230125
492.86666666666673,1.5,0.001,0.6,0.25,0.25,3.0,0.4,1.0,1.2
493.2333333333333,1.5,0.0018000000000000002,0.72,0.23756249999999998,0.17171874999999998,2.94375,0.545,1.1775,1.3155
493.6166666666667,1.5,0.00135,0.5267999999999999,0.2375,0.4038296875,2.94375,0.37,0.8049999999999999,1.3439999999999999
493.7666666666662,3.497484375,0.0014130000000000002,0.7016662499999999,0.271421875,0.23724773437500002,3.085546875,0.5673125000000001,0.9425937499999999,1.7957625
494.86666666666747,1.74,0.0009275,0.5925,0.393125,0.265625,3.705,0.6695499999999999,0.975,2.535
495.81666666666644,1.48125,0.00091,1.0919999999999999,0.320796875,0.24285546874999997,3.4828124999999996,0.7582500000000001,3.1307625000000003,1.594125
496.1,1.205203125,0.0007284921875000001,0.55092,0.33735546875,0.6294369140625,5.4792764062499995,1.05826734375,1.0932593750000001,1.8871335937499998
496.2166666666666,2.1276914062500003,0.0012790000000000002,0.69383015625,0.2965046875,0.2622366162109375,2.7248203125,0.899972905,1.31341796875,1.6076718749999999
496.4666666666664,1.664859375,0.0008712500000000001,0.8476406249999999,0.2099375,0.26626593750000005,8.952384375,0.59515625,1.24889375,3.4246312499999996
497.66666666666646,1.4625,0.0011750000000000003,1.09575,0.166578125,0.783140625,2.5398750000000003,0.41125,1.19114375,1.34625
497.8999999999998,1.5,0.001,0.6,0.25,0.25,3.0,0.4,1.0,1.2
499.4333333333333,2.13515625,0.0007728750000000001,0.553040625,0.472725,0.24571093749999995,4.86928125,0.43406225,0.968046875,1.4083125
499.76666666666665,1.5,0.0009500000000000001,0.6,0.27999999999999997,0.2125,2.7,0.683,0.975,1.4699999999999998
499.7833333333332,2.175,0.0008375,0.6,0.22281250000000002,0.3427734375,5.290312500000001,0.50325,2.5334250000000003,2.79195
500.2666666666666,1.4625,0.0009400000000000003,1.0695,0.47700000000000004,0.23125,4.845,0.5415000000000001,1.1875,1.335
501.0833333333332,1.72884375,0.0015416249999999998,0.5993100000000001,0.222234375,0.31376992187499997,3.70528125,0.421875,1.5845796874999998,2.7984374999999995
501.63333333333395,2.18373046875,0.0010048906250000001,1.370678625,0.233671875,0.27409682373046873,4.0465078125,0.44897062499999996,1.02146540625,2.744473125
501.83333333333286,1.2000000000000002,0.0008500000000000001,0.54,0.18000000000000002,0.16624999999999998,3.0,0.36000000000000004,1.0,2.28
502.4499999999997,1.213125,0.0016998125,0.6521625,0.38634375,0.3774318359375,3.9592687499999997,0.516515625,1.7006651718749999,2.92089375
504.1833333333335,1.6484999999999999,0.0009170000000000001,0.5378025,0.22031250000000002,0.441294927734375,3.7854374999999996,0.32875,0.9693749999999999,1.7963999999999998
505.61666666666684,1.383427734375,0.0026567046875000003,0.6641886445312499,0.223559765625,0.28098989880371095,5.6098833984375,0.318625215,1.2943258984375001,1.9387664062499996
505.64999999999986,6.1218070312499995,0.0015522156250000001,0.6094855546875,0.29210742187499994,0.25446140625,3.1045546875,0.5633705937500001,1.4097215429687497,1.77667265625
505.65000000000003,1.490625,0.0009850000000000002,0.5921624999999999,0.33799999999999997,0.2453125,3.115125,0.3530700000000001,0.8971875,1.77375
505.7333333333328,1.3287890624999998,0.0015295624999999999,0.5647893749999999,0.37640609375,0.30163037109375,2.8778226562499993,0.316640625,1.6147842187499999,1.698703125
507.8833333333337,2.7133734375,0.0012853125000000002,1.3476965625000001,0.21775,0.3025,2.84765625,0.42529375,2.1901178125,1.80571875
508.01666666666654,2.745,0.0010149999999999998,0.5640000000000001,0.25,0.240625,2.8875,0.33999999999999997,1.0,1.1129999999999998
508.28333333333364,1.78509375,0.001979125,0.7193100000000001,0.280484375,0.692473359375,6.502978125,0.2970625,2.0801484374999997,1.3276875
508.8833333333331,2.74265625,0.002087725,0.644574375,0.238984375,0.2770359375,3.0862499999999997,0.49806249999999996,2.0585223437499995,2.17738125
509.05000000000024,1.6490332031250001,0.00147578125,0.612686953125,0.2566953125,0.3635943483886719,3.41647265625,0.30407498,1.091062890625,1.3708687499999999
509.71666666666675,1.2600000000000002,0.00101625,0.65889,0.2575,0.316803515625,5.533453124999999,0.38275000000000003,1.0375,1.4154
510.28333333333376,1.5,0.0009000000000000001,0.7050000000000001,0.201875,0.5878125,3.6993750000000003,0.525,0.964575,1.785
511.48333333333346,1.5279931640625,0.0009719375000000001,0.71614505859375,0.17071024414062497,0.3299404895019531,4.109354296875,0.461513671875,0.9753974999999999,3.8162724609375
511.80000000000024,1.5,0.0015249999999999999,0.44117999999999996,0.28125,0.23382031249999996,1.9621875,1.02595,1.2000000000000002,1.872
512.5833333333335,2.0625,0.0011250000000000001,1.0394999999999999,0.29375,0.24375,3.0,0.5856,1.2,1.7399999999999998
512.7166666666669,2.1375,0.0009562500000000001,0.75,0.26453125,0.38386718749999993,5.048859375,0.7680875,1.245125,3.9843525
513.2166666666661,3.4272808593749993,0.0018166131250000003,0.698946796875,0.24495117187499998,0.28731296875,3.149296875,0.5080703125,2.186890013671875,1.3616121093749998
513.2666666666667,1.4712890625,0.0023513208750000005,0.48026015624999996,0.25824609375,0.322669921875,3.03762890625,0.39713750000000003,1.41602653125,1.8438234374999998
514.3000000000004,1.7306249999999999,0.000827,0.9345000000000001,0.2375,0.35,3.0,0.51,1.4075,1.2089999999999999
515.2000000000006,1.48125,0.001325,0.7050000000000001,0.29075,0.21,3.12,0.3925,1.49556875,2.027775
515.2833333333332,1.5,0.001,0.6,0.25,0.25,3.0,0.4,1.0,1.2
515.3000000000001,1.4564062500000001,0.0011911250000000001,0.9211087499999999,0.2534375,0.269199794921875,3.5185312499999997,0.39375,1.6568078124999999,1.3449375
516.5499999999998,1.6443457031250002,0.0016970312500000002,0.661474453125,0.21053046874999995,0.30308575463867193,3.3199101562499997,0.3171218575,1.474812890625,1.40405625
517.1333333333328,1.69003125,0.0010785,0.560821875,0.24543749999999998,0.267578125,3.10940625,0.4660685,1.022734375,1.351125
517.9333333333333,1.425,0.0014000000000000002,1.02,0.21500000000000002,0.25,5.1,0.37,3.42475,1.4699999999999998
519.566666666667,1.58625,0.0010875,0.5741999999999999,0.22812500000000002,0.27836167968750003,2.46375,0.40249999999999997,1.6672500000000001,4.128449999999999
519.7666666666661,1.5,0.0018000000000000002,0.744,0.188,0.3121875,2.4975,0.37,1.705,1.71
520.7833333333331,1.4953125,0.00270045,0.6886874999999999,0.20296875,0.6876562500000001,3.4678125,0.42875,0.954365625,1.153875
521.0833333333335,3.34875,0.0010875,1.0470599999999999,0.340625,0.2771116796875,2.46375,0.5175000000000001,0.8887499999999999,2.2830000000000004
521.35,2.0699765625,0.0010602,0.6516595312499999,0.42022546875,0.3899130859375,3.3028125,0.5128593750000001,1.15875,2.086640625
521.6,2.00162109375,0.0010408750000000001,0.8739609374999999,0.3646640625,0.23210156250000005,3.1217578125,0.56791875,2.8453984374999997,4.010350781249999
521.7499999999998,2.0138203125,0.0009643125000000001,1.0404924374999998,0.22660156250000002,0.3262014599609375,7.896370312499999,0.441,1.21356015625,1.8466237499999996
522.2666666666664,1.4625,0.00141,1.0695,0.203875,0.24499999999999997,3.0,0.55,1.9975,2.6459999999999995
522.8000000000001,1.38375,0.0008309000000000001,1.9087874999999996,0.32884375000000005,0.290625,3.9225,0.55325,1.9401249999999999,1.29825
522.8833333333336,1.5,0.0014,0.4674,0.225,0.33158125,2.859375,0.385,1.4249999999999998,1.392
522.9666666666664,3.4641,0.0010357500000000002,0.919875,0.26421875,0.1915625,2.8921875000000004,0.429125,1.3230875,3.0238499999999995
523.0500000000001,1.1541796874999999,0.0014063625000000001,0.4917375,0.27730468750000004,0.21789687500000005,5.30776875,0.48558750000000006,1.37946453125,1.32346875
524.3166666666666,1.5,0.001,0.6,0.45,0.25999999999999995,2.55,0.68,0.9,3.0240000000000005
524.3499999999996,1.5,0.0017,0.4536,0.225,0.22509374999999995,2.8875,0.33999999999999997,1.3,1.488
524.4333333333332,3.2652093750000004,0.0021493750000000002,0.6851400000000001,0.34850000000000003,0.438209765625,2.83734375,0.45350000000000007,1.0812499999999998,1.4828999999999999
524.5333333333334,1.490625,0.0017925000000000003,0.6243749999999999,0.32562499999999994,0.2828125,2.750625,0.5158750000000001,1.5725,1.410375
525.4833333333341,1.7306249999999999,0.000977,0.8445,0.25,0.18500000000000003,4.717499999999999,0.54,1.1,1.44
526.833333333333,2.1,0.0011250000000000001,0.8969999999999999,0.290640625,0.23894921874999997,2.9859375,0.7682500000000001,1.044375,2.0088749999999997
527.0833333333336,1.5,0.001,0.48,0.225,0.25,3.0,0.32000000000000006,1.0,2.28
527.133333333333,3.9899999999999998,0.0019,0.81,0.25,0.23125,2.775,0.27999999999999997,1.0,1.98
527.1833333333336,1.5,0.001,1.08,0.1575,0.23125,2.775,0.33999999999999997,1.71,1.98
527.2500000000003,1.05301171875,0.002072425,1.75617890625,0.27267953125,0.42115234375,3.39375,0.34867968750000006,2.435978125,1.3972921874999997
527.3333333333335,1.40162109375,0.0011158750000000001,0.9039609375,0.3209140625,0.264140625,3.1217578125,0.3778984375,1.497578125,1.5707109375
527.5333333333339,1.7976562500000002,0.0008950000000000001,0.5755406249999999,0.25325,0.251953125,2.80378125,0.35678725,0.961796875,2.4009375
528.1666666666665,1.036875,0.001334375,0.965625,0.202246875,0.2353125,2.76665625,0.95,1.214,1.7519999999999998
528.9500000000003,1.490625,0.0012770000000000001,0.7773749999999999,0.23093750000000002,0.3140625,3.935625,0.4575,0.90873125,1.10775
529.1333333333328,2.1,0.001,0.93,0.226875,0.41703124999999996,2.94375,0.385,1.1775,1.8554999999999997
529.7833333333335,2.0325,0.00078684375,0.6184875000000001,0.43880625,0.270191484375,3.50814609375,0.34225000000000005,0.82231515625,1.7986874999999998
529.9666666666669,1.478203125,0.0009068937500000001,1.0875543749999999,0.248609375,0.17835938134765622,2.2716421874999995,0.433125,1.37277890625,1.387209375
530.3833333333333,1.8375,0.0009512500000000001,0.63,0.2884375,0.34359375,4.737375,0.605525,1.07625,2.9841374999999997
531.1499999999997,1.5,0.0007,0.48,0.225,0.33125,5.2725,0.56,1.0,1.44
531.4833333333324,1.48125,0.002635,0.6487499999999999,0.37124999999999997,0.353125,3.4124999999999996,0.34875,0.875,1.3507500000000001
531.7999999999998,2.7,0.0008500000000000001,0.54,0.3375,0.2375,3.0,1.064,1.0,2.28
532.7166666666667,1.2154687499999999,0.0016863124999999999,0.58583625,0.38403437500000004,0.33928662109375,2.6631609374999994,0.3096875,1.80056546875,1.651875
533.4833333333335,1.44046875,0.0009625,0.5521874999999999,0.20875000000000002,0.2965625,3.043125,0.8609375000000001,0.8736249999999999,1.2751875
533.8999999999996,2.0069999999999997,0.0013278125,0.62394,0.21921875000000002,0.18970032265625,4.140234375,0.34349999999999997,1.1872503125,1.46685
534.6500000000002,4.3648640625,0.0019135078125000003,1.0105546875,0.40434375,0.293171875,4.066875,0.49166875,1.0531125000000001,5.36150475
534.7666666666667,1.62,0.00091125,0.6867,0.246875,0.2557659375,2.9859375,0.35400000000000004,0.5711124999999999,1.5059999999999998
535.15,2.184375,0.0013453125000000002,0.8175,0.253359375,0.6276796875,6.181818750000001,0.5943812500000001,1.22825,2.1860343749999998
535.6333333333336,1.5,0.001,0.6,0.25,0.175,2.0999999999999996,0.4,1.0,2.16
536.5499999999995,2.4170625,0.001255,1.18275,0.18000000000000002,0.37812500000000004,3.0,0.44800000000000006,1.1,2.28
536.7333333333328,3.24,0.0010625,1.3473,0.2703203125,0.225724609375,1.9375781249999997,0.584125,1.94215625,1.29110625
536.9166666666666,1.2000000000000002,0.00145,0.50475,0.38,0.26424999999999993,2.8875,0.49500000000000005,0.9625,1.791
537.3166666666658,1.5,0.001,0.6,0.25,0.30625,2.4000000000000004,0.76,1.7,1.6800000000000002
539.0000000000001,1.4797500000000001,0.0015350000000000001,0.674625,0.45125,0.34343749999999995,2.8875,0.5555000000000001,3.7044000000000006,1.8637499999999998
539.3999999999999,2.33685,0.00130725,0.8756325,0.244390625,0.21369373046874995,2.3424375000000004,0.464325,1.7306875,1.4880749999999998
539.9666666666666,2.175,0.0009875,0.78,0.2121875,0.27968750000000003,4.8534375,0.49825,1.1109,2.9869499999999998
540.2833333333332,2.175,0.0009275,0.54,0.24375,0.46062499999999995,6.681,0.6045499999999999,0.9875,1.32975
541.4500000000002,3.4913947265624996,0.0008780000000000001,0.4859217000000001,0.2095375,0.341070390625,3.1295390625,0.51263875,1.4382991406250003,3.0273956250000005
542.6666666666665,1.3795312499999999,0.0017725,0.51725625,0.287046875,0.22915789062499997,2.566640625,0.8802875,1.2465625,1.4922337499999998
542.8999999999999,1.408125,0.0014300000000000003,1.541475,0.30837499999999995,0.28109375000000003,2.7487500000000002,0.3705,1.67625,2.2514999999999996
543.533333333334,1.8,0.0010125000000000002,0.8009999999999999,0.2462578125,0.41338085937499996,6.351046875,0.646625,1.004475,1.8969375
544.5333333333336,1.5,0.001,0.54,0.2,0.45,3.0,0.7200000000000001,1.0,1.2
544.583333333333,1.96125,0.0009540000000000002,1.2690000000000001,0.25,0.25,3.0,0.68,1.2,1.2
544.816666666666,1.461328125,0.0012875787500000002,0.727171875,0.2382421875,0.34533984375,2.9552578125,0.44177500000000003,1.3364843125,2.080396875
545.0499999999996,1.2009374999999998,0.0009720000000000001,1.186875,0.3265625,0.2628125,3.0,0.3475,1.7556875,1.6724999999999999
545.7833333333333,1.8,0.00091125,1.3713899999999999,0.156625,0.2651409375,3.6853125,0.8151,0.912625,3.2778
545.8333333333331,1.6114453125000001,0.0010505,0.6395671875,0.26845859375,0.5271005859375,3.3028125,0.44885937500000006,1.1087500000000001,1.5466406249999998
546.5499999999997,1.5079107421875,0.0011905312500000002,0.9834405468749999,0.44647031249999997,0.5178785080566406,4.07712890625,0.4244506,2.0884460546874997,2.1177365625
546.8166666666668,1.374169921875,0.0019328937500000002,1.4484698437499999,0.299817578125,0.29004902343750005,5.821058203124999,0.38176171875,1.66529203125,1.7936367187499997
547.3166666666664,1.5739453125000002,0.0012505,1.1090671875,0.26845859375,0.22809541015624998,6.275343749999999,0.48885937500000004,1.3087499999999999,1.5466406249999998
547.5000000000002,1.6114453125000001,0.0010505,1.08726421875,0.35595859374999994,0.3539755859375,2.64225,0.48885937500000004,0.7761250000000001,1.786640625
548.8666666666672,1.5389062500000001,0.0017836875000000001,0.7157025,0.35765625,0.26770703125,2.2397765625,0.5408000000000001,2.0453062500000003,1.708125
549.1333333333334,1.3275000000000001,0.001617,0.979875,0.21534375,0.3,3.0,0.4825,2.246375,1.23075
549.4666666666665,1.5,0.001,0.8400000000000001,0.20375,0.240625,2.8875,0.37,1.355,1.4309999999999998
550.1333333333328,2.2447968749999996,0.0014262250000000001,0.5682449999999999,0.23039062500000002,0.3391240263671875,3.514125,0.37875000000000003,0.9618703124999999,2.1526875
550.3333333333328,1.11,0.0011680000000000002,1.2795,0.31625000000000003,0.25,3.0,0.37,3.6854999999999998,1.3229999999999997
550.6000000000003,3.2881874999999994,0.00103,0.8992500000000001,0.581875,0.25,3.0,0.42400000000000004,1.1,2.04
551.7333333333329,1.31654296875,0.00161428125,0.4161597890624999,0.21133828124999998,0.26889270776367186,8.176454296874999,0.37906303750000003,1.664911171875,2.6381578124999994
551.8833333333334,2.01225,0.0009584999999999999,0.6849375,0.207671875,0.375,3.0,0.5502499999999999,1.4362312499999998,2.5028699999999997
553.0333333333338,2.025,0.001175,0.5633999999999999,0.23125,0.29422335937500005,2.3775,0.355,0.8775,1.5419999999999998
553.7833333333326,1.5,0.001,0.6,0.25,0.25,3.0,0.4,1.0,1.2
553.8000000000001,1.565625,0.00171125,0.9682499999999999,0.26303515625,0.18436502929687498,3.056484375,0.6493125,1.9418684375,3.0511031249999996
554.0500000000001,1.2715546875,0.0024960656249999997,0.6409725,0.3072125,0.3257275830078125,3.4105335937499994,0.39921875,1.3812178906249999,1.1966249999999998
554.8166666666666,1.78125,0.0024975,0.8534999999999999,0.3110703125,0.20613222656249997,3.1129687500000003,0.576625,2.883736875,1.4716874999999998
554.85,2.1076875,0.0023082499999999995,0.6286200000000002,0.22946875,0.41941484374999993,4.4105625,0.46375,2.1691593749999996,1.720875
555.5666666666666,1.5,0.0019,0.6,0.25,0.3625,3.0,0.4,1.0,1.2
556.0166666666668,1.5,0.001,0.504,0.25,0.3215625,2.8875,0.4,0.945,1.3199999999999998
557.1333333333333,2.3219531250000003,0.0013357812500000002,0.6246562499999999,0.24210937500000002,0.2996404296875,3.11625,0.5791368750000001,1.3795125000000001,1.1031404999999999
557.6666666666665,1.5,0.001,0.6,0.25,0.25,3.0,0.4,1.0,1.2
558.6833333333334,1.134,0.0009387500000000001,0.6225,0.30953125000000004,0.442890625,5.996484375,0.546025,0.97864375,2.01375
558.8333333333333,2.1,0.000925,0.5700000000000001,0.40625,0.24375,3.0,0.7136000000000001,1.0,1.7399999999999998
558.9000000000002,1.157671875,0.00116693125,0.54211875,0.33521484375,0.41099359375000005,4.506384375,0.462055,1.177232265625,1.929234375
559.2166666666662,1.9685361328125,0.00127610703125,0.641488125,0.20631347656250001,0.3592932373046875,4.5580233984375,0.437267578125,1.28408310546875,3.8309869687499996
559.7166666666664,1.415625,0.0010500000000000002,0.6375000000000001,0.309125,0.25406249999999997,4.152,0.46625,1.247784375,2.4716249999999995
563.0999999999998,1.327640625,0.0009411250000000001,0.6961087499999999,0.23039062500000002,0.312168544921875,4.15790625,0.48875,0.9618703125,1.3396875
563.7333333333338,2.1481640625,0.0012656812500000001,0.6411435937500001,0.32740234375,0.2477509375,3.37359375,0.436140625,1.5097555859374998,2.4203203125
565.0833333333335,0.9504140624999999,0.00134315625,0.592918125,0.29201718750000005,0.294643310546875,5.380002890624999,0.29484374999999996,0.9451979140624999,3.3420937499999996
565.4000000000001,3.14390625,0.0016715625000000003,0.6493125,0.23421875000000003,0.349280859375,3.2325,0.7582737500000001,1.759025,1.95183
565.5833333333329,1.0347421875,0.0010955625000000002,1.3689978749999998,0.25171875,0.2408498974609375,3.0342656249999997,0.396875,1.195563515625,1.51246875
565.966666666666,1.48125,0.001325,0.7050000000000001,0.40325,0.3,5.304,0.5525,1.49556875,1.06725
566.1333333333331,1.3462968750000002,0.001173375,0.6471609374999999,0.19051484375,0.2893773046875,4.856414062500001,0.38289843749999997,1.5736328125,1.4948226562499995
566.2999999999998,1.0499999999999998,0.0017,0.81,0.19,0.25,5.4,0.30999999999999994,1.3525,1.6079999999999999
566.3500000000005,3.1913648437499997,0.0016605,0.5069203125,0.7831856250000001,0.3675,3.307265625,0.46329687500000005,1.7063718749999999,1.2172874999999999
567.3833333333332,1.3236328125,0.0006632500000000001,0.68274328125,0.284125,0.601318359375,3.02015625,0.78710825,3.10928671875,1.6851796875
567.8999999999999,1.5,0.001,0.5700000000000001,0.2,0.35,3.0,0.5,0.95,1.7399999999999998
569.6666666666672,1.5,0.0009750000000000001,0.72,0.333125,0.2265625,2.79375,0.6065,1.165,2.181
570.4666666666667,0.9155015624999999,0.0012685,0.58884375,0.31178125,0.40656250000000005,3.48703125,0.38609375,1.4715625,1.61634375
570.4666666666668,1.036875,0.0031824999999999996,0.6318,0.27825,0.48882968749999994,5.821125,0.3625,1.6455687499999998,2.18025
570.8333333333338,1.5962109375000002,0.0018235625,0.6511129687499999,0.255203125,0.3092487255859375,6.155261718749999,0.29062607500000004,1.61857234375,1.844015625
572.2333333333332,2.5503046874999997,0.0012487500000000003,0.6456206250000001,0.2660625,0.312890625,3.2828437499999996,0.43545500000000004,2.079815625,1.579875
572.9000000000005,2.1434765625,0.00125818125,0.63722484375,0.29640234374999996,0.2518915625,3.446296875,0.4502474375,1.5331930859374998,2.1971953125
573.233333333333,1.2618749999999999,0.00145,0.6487499999999999,0.18500000000000003,0.48624999999999996,3.1725,1.0687499999999999,1.135,1.50075
574.8666666666672,1.425,0.0011075,1.2712259999999997,0.4125,0.2437734375,2.8246875,0.5455000000000001,1.075,1.2719999999999998
575.45,1.425,0.0014000000000000002,0.795,0.225,0.3,5.1,0.45,1.375,1.3229999999999997
575.8333333333334,1.4953125,0.00227545,0.6223875,0.22796875,0.32282187500000004,3.3975,0.716125,1.1668656249999998,2.3747624999999997
575.9166666666666,1.490625,0.0014540000000000002,0.6243749999999999,0.559125,0.4140625,5.450625,0.374375,1.78125,1.275375
578.9499999999996,1.22971875,0.00115,0.68188125,0.213125,0.348125,3.5081249999999997,0.43437499999999996,1.4610375,1.942875
579.3666666666667,1.3809375,0.001225,0.6243749999999999,0.21750000000000003,0.368125,3.0862499999999997,1.3218750000000001,0.7472499999999999,1.350375
579.6499999999995,1.1267343749999998,0.0010600000000000002,0.809690625,0.1730625,0.39675,5.25084375,0.62365625,1.50176875,1.7971875
580.25,1.3457812500000002,0.001077,0.6121874999999999,0.28319374999999997,0.564453125,4.225312499999999,0.3871875,1.390625,1.7776874999999999
580.9333333333333,1.8900000000000001,0.00097375,0.8351999999999999,0.2671953125,0.25024054687499997,2.3831249999999997,0.5381250000000001,1.5085125,1.9104374999999998
581.9666666666669,1.555986328125,0.0012438750000000002,0.8322901171875,0.2377435546875,0.40988097900390624,5.21870859375,0.5230273437499999,1.1675499999999999,1.73712890625
582.45,2.5245,0.001217,0.7698750000000001,0.19034375000000003,0.3,3.0,0.7605,1.2574624999999997,1.4165999999999999
582.85,1.5,0.0009000000000000001,0.6,0.225,0.175,2.4000000000000004,0.6459999999999999,0.95,1.7399999999999998
583.6500000000003,4.658531249999999,0.0018462500000000002,0.7171875,0.28781249999999997,0.25703125000000004,2.7628125,0.6764937500000001,1.28625,1.35615
585.316666666666,1.5,0.001,0.6,0.2,0.25,3.0,0.27999999999999997,0.9,2.28
588.6333333333337,1.2590625,0.00202,0.5933324999999999,0.29284374999999996,0.22449546875,3.17109375,0.7346250000000001,1.2931249999999999,2.3915249999999997
588.866666666667,1.22971875,0.00092,0.92188125,0.176125,0.271,6.451687499999999,0.8823124999999999,1.8660375,1.792875
589.6166666666666,3.2062500000000003,0.00123625,0.7917000000000001,0.287625,0.30576593750000003,5.28009375,0.34650000000000003,1.3114437499999998,1.3732499999999999
589.7833333333335,1.4353125,0.0011493750000000002,1.3763625,0.468225,0.23200000000000004,2.6691562500000003,0.784225,1.463375,1.5539999999999998
592.65,1.5,0.001,0.4095,0.5850000000000001,0.30499999999999994,2.775,0.5900000000000001,0.925,2.382
593.8166666666666,2.1481640625,0.0022782262500000003,0.6411435937500001,0.23990234375,0.2946259375,3.29859375,0.616140625,1.6737800273437498,2.4203203125
594.6499999999999,1.4566406250000001,0.0013631208750000002,0.6654234375,0.39280468749999997,0.37112109375,4.1805703124999996,0.5394062500000001,2.061230390625,1.6380843749999998
594.9499999999997,1.8,0.0008875,0.3549,0.22999999999999998,0.39484374999999994,3.399375,0.606,1.175,1.5659999999999998
595.3999999999997,1.425,0.0011200000000000001,1.539,0.3825,0.25,3.0,0.33999999999999997,2.295,1.7399999999999998
595.7166666666664,1.2690000000000001,0.0009975000000000001,0.77139,0.2734375,0.310553515625,2.8560937500000003,0.44615000000000005,1.2149999999999999,1.7453999999999998
595.9833333333331,1.5,0.0017,0.6,0.2,0.45,3.0,0.76,1.7,1.2
596.8000000000001,1.80384375,0.0028120124999999998,0.8243100000000001,0.3889953125,0.33470742187499997,3.70528125,0.401875,3.7754514062499993,1.7304374999999999
597.2333333333339,2.05236328125,0.0011060906250000002,1.6202911171875,0.2185609375,0.25094578125,6.12398203125,1.073735065625,1.3665965429687499,1.528737890625
597.7333333333336,1.5,0.001,0.6,0.25,0.3625,3.0,0.4,1.0,2.16
598.0666666666668,1.3032421875,0.0012317500000000002,1.2079218749999998,0.39182812499999997,0.27828125000000004,3.2435156249999997,0.355796875,1.99515625,1.9414218749999996
598.25,1.5,0.0017150000000000002,0.5925,0.225,0.406875,2.775,0.7110000000000001,1.4160000000000001,2.2575
598.8999999999994,1.31625,0.0010600000000000002,1.0695,0.42874999999999996,0.25,3.0,0.371,1.6475,2.7929999999999993
599.0,1.3791796875,0.00121640625,0.80662125,0.39876390625,0.4625767089843751,3.0462421875,0.347296875,1.538251484375,3.8577515624999994
599.7000000000004,2.10798193359375,0.001318426171875,0.9698462364257812,0.27971806640625,0.29932120663452144,7.312777426757813,0.6938438037500001,0.9593327021484376,2.0737916015624998
600.9500000000002,1.3050000000000002,0.001434,0.9397500000000001,0.18068750000000003,0.35,3.0,0.565,2.6927499999999998,1.2614999999999998
601.7166666666667,2.996208984375,0.0010631500000000001,0.92691796875,0.29000390625,0.26605078125000003,3.06087890625,0.525209375,2.54588671875,2.6205503906249996
601.8666666666664,1.48125,0.001325,0.645,0.27825,0.3,3.12,0.35250000000000004,1.49556875,1.6072499999999998
602.133333333334,1.8123632812500001,0.0012915906250000001,0.641112421875,0.287326171875,0.193162046875,3.2831484375,0.7224726937500001,1.51438091796875,1.9022226562499998
603.0499999999997,1.2956308593749999,0.001108203125,0.6194795625,0.29938195312500004,0.6906902026367188,3.02312109375,0.42364843750000003,0.9953005937499999,2.7988757812499996
603.2500000000005,1.4100000000000001,0.0010875,1.0470599999999999,0.240625,0.27211167968750005,2.151,0.3775,0.93875,1.371
603.9833333333332,1.31197265625,0.00147525,0.8635802343750001,0.229229296875,0.4063810986328125,4.0863703125,0.39942968749999996,1.330625,1.5773203125
604.4999999999999,1.4226562500000002,0.0015751575000000002,0.85434375,0.22648437500000002,0.3281796875,2.910515625,0.7044375,2.34121078125,2.0007937499999997
605.1666666666664,1.7448000000000001,0.00097075,0.6079424999999999,0.2640625,0.441306646484375,8.083739062499998,0.31520000000000004,0.7354374999999999,1.8211499999999998
606.2500000000005,2.5339453125,0.0016137187500000001,0.6678192187499999,0.4549500000000001,0.2991817333984375,3.0317109374999998,0.5091379500000001,2.299384140625,1.704868125
606.9000000000004,1.9531640625,0.00134968125,0.9808935937500001,0.27302734375000004,0.4797016875000001,3.59859375,0.421140625,2.8525055859374997,2.2418203125
607.8,1.1921273437499997,0.00145543125,0.3469072359375,0.538048828125,0.278633984375,3.1021875,0.5749171875,1.3130680859375,2.21194359375
610.1333333333333,1.02375,0.0012000000000000001,0.6975,0.17000000000000004,0.5225,4.05,0.365,1.1375,1.8014999999999999
610.3000000000004,2.0953125000000004,0.0007900000000000001,0.56608125,0.2815,0.24140625,3.0575625,0.26357450000000004,0.94859375,1.486875
613.1500000000004,1.5,0.0007,0.6,0.225,0.45,3.0,0.33999999999999997,1.615,1.2179999999999997
615.0499999999997,2.8499999999999996,0.0008550000000000001,0.6,0.2375,0.26875,4.86,0.8890999999999998,0.975,1.755
615.4666666666667,1.35397265625,0.0010946250000000001,0.86578359375,0.288994921875,0.335493017578125,6.1359140624999995,0.5174421875,1.1436968749999998,1.7801953124999998
616.9666666666666,2.7963281249999996,0.0015313625,0.6822871875000001,0.2298046875,0.283001875,4.1971875,0.47228125,2.0195111718749996,3.1606406249999996
617.183333333333,2.1,0.0009180000000000001,0.5700000000000001,0.21250000000000002,0.61875,3.0,0.5800000000000001,1.35,1.2
619.1333333333329,2.864775,0.00198095625,0.53468203125,0.351953125,0.48395487187499997,3.6029296874999996,0.41961125000000005,1.762161078125,1.2147525000000001
619.7833333333331,1.490625,0.0017925000000000003,0.744375,0.28125,0.278125,3.0,0.420875,1.9845000000000002,2.2563750000000002
620.5333333333333,1.48125,0.0009700000000000002,0.5843249999999999,0.476,0.240625,3.9225,0.5046000000000002,1.09375,1.2675
620.6999999999998,1.6744921875000003,0.0014779375,0.85316296875,0.243140625,0.24954130371093752,3.5689148437499996,0.315001075,2.18544140625,1.4639531249999997
620.9333333333334,1.96125,0.0010600000000000002,0.7050000000000001,0.25,0.23125,2.775,0.4,1.2,2.7359999999999998
621.4666666666668,1.5,0.001,0.6,0.25,0.25,3.0,0.4,1.0,1.2
622.2833333333339,2.0344921875,0.001229428125,0.9099524999999999,0.20462890625000002,0.30670419921875003,6.923968593750001,0.5625703125,1.205832421875,2.6061843749999998
623.4833333333337,2.41053046875,0.0017967812499999998,0.9881582812500002,0.1788875,0.36095742187499996,3.629109375,0.444521875,4.141313328124999,1.763296875
624.6333333333334,1.31625,0.0012000000000000001,0.67725,0.2375,0.275,6.375,0.8075,1.06875,1.7414999999999998
626.5833333333334,1.964859375,0.001075,0.6807525000000001,0.2315625,0.2990625,3.2540625,0.33375,1.2305187499999999,1.47800625
626.6166666666666,1.3050000000000002,0.0018162000000000002,0.86175,0.19300000000000003,0.30609375,3.511875,0.42500000000000004,2.51775,1.2374999999999998
626.9333333333332,1.48125,0.0011,0.5527500000000001,0.24375,0.22728125,3.3,0.34875,2.743125,1.47075
633.666666666667,1.83,0.0010403125,0.8146574999999999,0.3564921875,0.33442513281249997,5.111015625000001,0.572625,0.6404759375,1.53675
638.1333333333333,2.175,0.0009275,0.5700000000000001,0.21875,0.646875,3.93,0.7240949999999999,0.9875,1.4775
641.2,1.37953125,0.001772625,0.6201375,0.399125,0.391738671875,3.944475,0.66084375,2.0361309375,1.75275
643.3666666666664,1.4953125,0.0009925000000000001,0.5960812499999999,0.35025,0.249453125,3.080625,0.6070700000000001,1.6621875000000002,2.2726875
644.883333333333,1.4517919921875,0.00218833828125,0.579258697265625,0.2474048828125,0.2197160415527344,4.154894824218749,0.39479387093750007,1.22638169921875,1.8143050781249999
647.6666666666667,1.364859375,0.001075,0.640940625,0.2315625,0.35531250000000003,2.92865625,0.70921875,2.091881875,2.0514375
649.9666666666668,1.333125,0.001205,0.8347499999999999,0.22693750000000001,0.30374999999999996,3.0,0.47500000000000003,1.49875,2.4029999999999996
650.0666666666665,1.4625,0.00165,0.81,0.3315,0.35,3.24,0.385,1.9911374999999998,0.9344999999999999
652.7500000000003,1.5,0.001,0.6,0.475,0.25,3.0,0.7200000000000001,1.0,1.2
655.7333333333337,1.78634765625,0.0010552500000000002,0.67228359375,0.2073834375,0.37917529296874997,5.166140625,0.7639734375000001,1.154375,1.7130562499999997
660.5833333333328,1.43055908203125,0.0016315875000000003,1.417916279296875,0.18332387207031248,0.30219680725097653,3.4520677734375,0.42950683593749994,1.001259,2.8902612304687496
664.2666666666677,1.5,0.001,0.6,0.3375,0.278125,2.7,0.4,0.8,1.44
667.6500000000002,2.6307949218749997,0.002118253125,0.5584884374999999,0.526640484375,0.29909643554687504,2.9604738281249996,0.5887890625000001,2.1151478359374996,1.4869453125
669.5500000000002,1.5,0.001,0.6,0.25,0.475,3.0,0.4,1.0,1.2
669.5999999999997,2.01462890625,0.001944584375,0.4515723515624999,0.341459375,0.5287030671386719,3.21460546875,0.612631475,1.7331248828124999,1.42787071875
674.0833333333331,2.5326562499999996,0.0020575125000000002,0.6224306249999998,0.24855664062500002,0.30115771484375,3.39720703125,0.46432812500000004,1.5283179687500001,1.6230595312499996
674.3333333333336,1.353046875,0.00161053125,0.6433556249999999,0.3311578125,0.5420655029296876,3.0031429687499998,0.3981875,1.5205905468749998,2.4742968750000003
675.3,1.5,0.001,0.8400000000000001,0.20375,0.26875000000000004,4.398750000000001,0.55,1.1935,1.83
678.3499999999996,0.9594374999999999,0.0013000000000000002,0.7637625,0.22625,0.44625,4.016249999999999,0.58875,2.022075,1.6057499999999998
679.0666666666665,1.35,0.0012150000000000002,0.8955599999999999,0.35,0.237546875,2.649375,0.371,1.15,1.3439999999999999
682.35,1.5,0.0018000000000000002,0.4536,0.225,0.22509374999999995,2.8875,0.33999999999999997,1.3,1.8599999999999999
686.2999999999997,1.5,0.0007,0.6,0.25,0.25,3.0,0.4,1.0,2.28
686.7333333333339,2.349,0.0010715000000000002,0.99975,0.3246875,0.23828125,2.896875,0.48825,2.42525,1.7519999999999998
688.8500000000004,1.036875,0.001405,0.5379149999999999,0.2144375,0.28829062499999997,2.9296875,0.4675,1.71125,3.4322999999999992
691.283333333334,1.5,0.001,0.40800000000000003,0.25,0.393125,2.775,0.4,1.7,1.44
695.4999999999997,1.28475,0.0013670000000000002,0.5555625,0.209375,0.29375,3.16125,0.6685625,1.096875,1.2153749999999999
695.6000000000004,2.0062499999999996,0.0008240000000000001,0.8347499999999999,0.270625,0.275625,3.0,0.355,1.216375,1.6049999999999998
696.3500000000005,2.0351718749999996,0.0009630000000000002,0.5317396875,0.352265625,0.464609375,4.23271875,0.46668750000000003,3.8443709374999995,1.9649962499999996
697.9500000000004,2.37,0.00103125,0.9736499999999999,0.234144140625,0.2378623046875,2.4687890625,0.39365000000000006,1.471078125,1.2455531249999998
706.3500000000003,2.5650000000000004,0.001248125,0.7569750000000001,0.26256250000000003,0.29038296875,4.0162921875,0.36450000000000005,1.3494718749999999,1.3173749999999997
709.3000000000008,1.5,0.0019,0.6,0.175,0.45,3.0,0.4,1.0,1.2
720.4166666666665,2.2387294921875,0.0011940750000000002,0.815958984375,0.290376953125,0.238025390625,3.090439453125,0.8259384375000001,3.637309921875,2.3241626953125
724.45,2.499650390625,0.0011751703125,0.8083187109375,0.25093828125,0.19567948437500002,2.8001596874999994,0.396574359375,1.1038198671875,1.811262890625
728.6333333333326,2.8499999999999996,0.0009750000000000001,0.72,0.22062500000000002,0.43046874999999996,5.308125,0.4465,1.9805,4.1438999999999995
730.333333333333,1.4595,0.001355,0.75675,0.25,0.27999999999999997,3.0,0.4,2.7,1.4699999999999998
731.4333333333343,1.7980664062500002,0.0016015625000000001,0.69857390625,0.27589062499999994,0.3233590092773438,3.8891953125,0.39018745,1.37712578125,1.3977374999999999
731.6333333333333,1.96125,0.0010600000000000002,1.1985000000000001,0.3625,0.25,3.0,0.44800000000000006,1.2,1.2
736.3500000000004,1.5,0.001,0.6,0.25,0.25,3.0,0.4,1.0,1.2
743.7499999999995,1.711875,0.0020340000000000002,0.631125,0.21875,0.36250000000000004,3.3225,0.937125,1.19375,1.23075
745.8166666666665,1.525125,0.001382,0.7057125,0.2434375,0.3734375,2.7993750000000004,0.3775,1.3981875000000001,1.7325
751.2500000000003,2.6999999999999997,0.0009875,0.5279999999999999,0.22281250000000002,0.340234375,4.1540625,0.39325,1.46525,2.3535599999999994
757.3499999999997,1.2618749999999999,0.0011,0.6487499999999999,0.21000000000000002,0.279,3.0749999999999997,0.3825,0.748125,1.98075
764.1499999999994,1.490625,0.0009850000000000002,0.5621624999999999,0.33799999999999997,0.3453125,3.4612499999999997,0.6123000000000001,1.046875,1.2337500000000001
764.7999999999995,1.6962187499999999,0.0018376249999999998,0.5920912500000001,0.219421875,0.356582421875,3.78590625,0.5661562499999999,1.6330171874999997,2.642625
768.216666666666,1.237072265625,0.0015647140625,0.7549762499999999,0.189814453125,0.378352099609375,4.961984296875,0.48128515625,1.1029162109375,1.9030921875
798.3333333333337,1.49765625,0.0009962500000000002,0.5382365625,0.300125,0.8568554687499998,3.0403124999999998,0.4635350000000001,2.2628593749999997,1.73634375
815.3166666666672,2.964,0.000955625,0.43788000000000005,0.2484375,0.29200092187500004,2.88046875,0.377,1.022000625,1.3256999999999999
