801.325,1.275,0.00125,0.42,0.2,0.25,3.0,0.33999999999999997,1.0,2.16
803.6,1.5,0.0008,0.6,0.25,0.25,3.0,0.4,1.0,1.2
805.725,1.88765625,0.00176134375,0.56625,0.290625,0.221875,2.4935625,0.6500000000000001,1.3075,1.248
817.875,1.693359375,0.0014159,1.0545375,0.2125,0.3746875,4.67878125,0.365,1.4134375,1.7643749999999998
828.025,2.8327265625,0.0011252500000000002,1.1364375,0.235625,0.2484375,2.9296875,0.4,1.13,2.3255999999999997
835.95,1.075265625,0.0014378125,0.4272,0.500625,0.20625,2.7037500000000003,0.38,0.7,1.0079999999999998
843.225,3.0394570312499996,0.0016370000000000002,0.7474228125,0.373125,0.241796875,3.975871875,0.5800000000000001,0.9829687500000001,3.11569125
853.95,2.00075244140625,0.001339283203125,1.10014125,0.49246875000000007,0.23953125,3.6957773437499997,0.43785,1.0446875,1.88986875
874.025,2.4976640625,0.001472875,0.778595625,0.3,0.24921875,3.06796875,0.5800000000000001,0.9084374999999999,2.079675
878.425,1.3065,0.0020299375,0.7905,0.290625,0.290625,2.865,0.39,0.946875,1.34175
879.875,1.7484375,0.003167525,0.9884999999999999,0.25,0.57375,4.915125,0.38,0.99375,2.4975
882.45,2.3456484375,0.001472609375,0.544725,0.2471875,0.26093750000000004,5.550703125,0.3960000000000001,1.0909375,1.742175
883.5,2.2695000000000003,0.001607875,0.9830249999999998,0.2125,0.1825,3.0255,0.5124,1.1625,1.755
884.325,2.038125,0.0016390000000000003,0.5745,0.225,0.21687499999999998,2.1579,0.7200000000000001,1.175,1.7615999999999998
889.35,1.40525390625,0.001467935,0.7923749999999999,0.45,0.31078125,6.949307812499999,0.72675,1.79084375,3.4672874999999994
891.775,1.417078125,0.0012603125,0.58725,0.25,0.25,3.114375,0.506,1.0875,1.2
895.8,1.6623046874999998,0.0013923250000000002,0.78376875,0.25,0.29984375,3.389390625,0.3825,2.80209375,2.3079374999999995
898.025,1.5,0.001,0.6,0.25,0.25,3.0,0.4,1.0,1.2
899.075,1.749609375,0.0012843281249999999,0.582,0.40640625,0.2225,3.230625,0.34099999999999997,1.175,1.71
906.5,1.4760703124999996,0.0024412500000000003,0.5412375,0.3601875,0.20078125,2.33296875,0.4,0.8225,1.38
906.65,2.8628906249999995,0.0019978125,0.520725,0.26921875,0.224296875,6.666975,0.553725,1.025,1.722
907.175,1.7484375,0.00186325,0.9884999999999999,0.25,0.3375,2.89125,0.38,0.99375,1.3875
908.825,2.069572119140625,0.0019792656250000006,0.520869140625,0.354140625,0.207734375,2.4923847656249998,0.385,0.926171875,1.9653309374999999
914.0,1.895390625,0.0013983125,0.6487499999999999,0.411875,0.23796875,3.29071875,0.39,1.0875,2.6622000000000003
920.725,2.6701640624999996,0.0016940000000000002,0.909845625,0.44625,0.24609375,5.51424375,0.4,1.1843750000000002,1.8876749999999998
922.8,1.63125,0.00136625,0.6,0.25,0.25,5.1975,0.4,1.08,0.96
927.1,1.5,0.0007,0.54,0.25,0.2,3.0,0.7200000000000001,1.615,1.2
928.425,1.63125,0.0013800000000000002,0.5565,0.25,0.2375,2.8875,0.4,1.35,1.3199999999999998
928.6,1.3795312499999999,0.0010415625,0.6,0.25,0.425,3.549375,0.4,1.02,1.1400000000000001
930.65,1.7484375,0.003167525,0.9884999999999999,0.25,0.3375,4.915125,0.38,0.99375,2.4975
931.425,1.5291328124999999,0.003104071875,0.567,0.2640625,0.3565625,7.833374999999999,0.9214,2.465,2.3369999999999997
934.1,3.2943749999999996,0.0018387499999999999,0.6,0.25,0.175,3.375,1.064,0.975,2.19
934.125,2.066953125,0.0018893265625,0.86090625,0.399015625,0.24921875,3.778875,0.41975000000000007,1.23875,1.6545
937.55,1.680234375,0.001280171875,0.6335625,0.45421874999999995,0.235625,3.43845,0.39285000000000003,1.9763437500000003,1.379625
941.3,1.511671875,0.0013053750000000001,0.5745,0.27649999999999997,0.1735,2.847375,0.47000000000000003,1.1687500000000002,2.30775
941.575,2.2994531250000003,0.0016564375,0.75375,0.411875,0.21921875000000002,3.36946875,0.39,1.7349999999999999,1.479
946.275,2.55,0.0018000000000000002,0.6,0.25,0.25,2.0999999999999996,0.4,1.0,2.16
946.8,3.2765507812499997,0.00154321875,0.616875,0.26475,0.4041484375,7.6292718750000015,0.375,1.0387499999999998,3.5447549999999994
947.45,1.62421875,0.0010493000000000002,1.5090749999999997,0.25,0.499375,5.0075625,0.32999999999999996,1.8268749999999998,2.32875
948.6,1.9396875,0.00123375,0.5925,0.378,0.24375,3.01875,0.54,0.9875,1.3949999999999998
951.025,1.84453125,0.00101040625,0.645,0.278125,0.2125,2.98875,0.4,3.1302499999999998,1.08
954.625,1.7625,0.001175,0.6,0.25,0.25,4.2,0.4,0.95,1.7399999999999998
954.7,2.025,0.00135,0.6,0.25,0.25,5.4,0.4,0.9,2.28
958.525,2.895328125,0.00104575,1.01719125,0.25,0.2484375,3.5859375,0.4,1.01875,2.4793499999999993
961.0,3.4425,0.00135,0.6,0.25,0.25,5.4,0.4,1.71,2.28
962.325,1.9420517578125,0.0024498820312500004,1.0628887500000002,0.30781250000000004,0.2740625,4.803255468749999,0.3048,1.2115625,2.2058999999999997
963.375,2.0915624999999998,0.0016150234375,0.6286875,0.24000000000000002,0.2421875,5.575668749999999,0.4265,1.3318750000000001,1.194
964.025,2.308634765625,0.0013870703125,0.56325,0.3375,0.4334375,3.9111093749999997,0.772,1.066875,2.1615
966.15,1.356394921875,0.0012162265625000003,1.0546162499999998,0.30133125,0.25390625,3.9416015625,0.36,3.4838437499999997,1.3960875000000001
967.25,1.96184619140625,0.0011464238281250001,0.9285165,0.27125,0.17664062499999997,4.01058984375,0.44500000000000006,0.9854687500000001,2.5846874999999994
968.2,2.1,0.0009500000000000001,0.6,0.25,0.25,3.0,0.27199999999999996,1.0,1.176
970.5,1.58291015625,0.00278452421875,0.6596249999999999,0.5596875,0.6905312499999999,4.071421875,0.5910000000000001,1.2853124999999999,1.8215625
972.2,3.8753097656249995,0.0017235156250000002,1.0944,0.217421875,0.184,3.602625,0.41500000000000004,0.8956249999999999,1.50525
972.325,2.0625,0.00115,0.6,0.3,0.25,2.775,0.51,1.5899999999999999,2.28
972.45,1.70296875,0.0013603125,0.378,0.278125,0.23125,4.11,0.4,0.76,1.7399999999999998
973.075,1.8346875,0.00136325,0.528525,0.3375,0.2334375,2.87895,0.56,2.0425,1.6157999999999997
974.875,1.831086474609375,0.0020595341796875,1.072115625,0.301875,0.6661874999999999,4.035823828125,0.43000000000000005,1.391453125,1.4328750000000001
976.55,1.7484375,0.00183825,0.9884999999999999,0.2125,0.3375,4.0912500000000005,0.38,1.82375,1.3875
979.325,1.83703125,0.001318125,0.7018125,0.2884375,0.2484375,3.65775,0.38745000000000007,1.1,1.224
981.55,1.7544140625,0.001673453125,0.6442631249999999,0.29962500000000003,0.185390625,3.2784375000000003,1.06505,1.256765625,2.18559375
981.55,1.5035625000000001,0.00204575625,0.615375,0.25,0.246875,5.191809375,0.4845,2.13615,1.8659999999999997
982.375,2.480390625,0.00132875,0.5086875,0.4355,0.2484375,6.457875,0.37605,1.7574999999999998,1.9949999999999999
982.875,1.0746011718749997,0.0023844219999999998,0.6265575,0.454640625,0.40093749999999995,5.4134906250000006,0.39,0.9234374999999999,1.5423
986.9,1.4521875,0.0015618750000000001,0.6,0.581875,0.25,5.3175,0.4,1.2,2.04
987.15,1.0499999999999998,0.0017,0.6,0.25,0.25,3.0,0.27999999999999997,1.0,1.2
988.875,2.198671875,0.0011317200000000003,1.0470374999999998,0.3625,0.3328125,3.72253125,0.365,2.4028437499999997,4.7334375
990.15,2.2753125,0.0028226875,0.5925,0.33125,0.24375,1.987125,0.5800000000000001,1.0,1.296
990.275,1.9968750000000002,0.0027265,1.377,0.25,0.425,2.7824999999999998,0.36000000000000004,0.9875,1.575
991.975,1.921875,0.0012117812500000002,0.799125,0.240625,0.228125,3.7850625000000004,0.4,1.235,1.23
992.875,2.22609375,0.00158799375,0.9118125,0.53021875,0.2296875,4.891500000000001,0.7749000000000001,1.365,2.3255999999999997
992.925,2.4247265625,0.001209753125,0.676875,0.3309375,0.234609375,2.7347343749999995,0.395,1.3675,1.8195000000000001
995.175,1.6523642578125,0.0014663476562499999,1.2600562499999999,0.35375,0.23,3.9102421874999997,0.46655,1.0146875,1.38825
995.925,1.7279003906250001,0.0013963046875000002,0.6172875,0.4633828125,0.171541015625,4.512067968749999,0.330225,2.28825,1.99074375
997.35,3.3809425781249995,0.0008488375,1.01840625,0.2678125,0.423671875,2.73984375,0.4,1.517,1.8312000000000004
997.8,1.4090625,0.000833,0.5782499999999999,0.25,0.24375,2.94375,0.4,1.175,2.1419999999999995
997.9,1.5984375000000002,0.001230625,0.5891249999999999,0.21375,0.246875,2.3165625,0.37,1.385,1.23
998.875,1.5,0.001,0.6,0.25,0.25,3.0,0.4,1.0,1.2
998.875,1.3875,0.000983,0.5700000000000001,0.21,0.25,6.7575,0.33999999999999997,1.315,1.08
999.275,2.866171875,0.003287475,0.5412375,0.28815,0.20078125,2.5921875,0.5220000000000001,1.175,1.38
1000.55,2.025,0.0014000000000000002,0.6,0.35,0.25,2.0999999999999996,0.4,1.0,1.3440000000000003
1002.65,1.3751953124999998,0.0012185,0.582553125,0.581875,0.224375,3.41296875,0.4,1.009375,1.8396749999999997
1002.9,2.4569296875,0.0011783375000000002,0.6186,0.5113125000000001,0.39375,3.58875,0.39,1.5517500000000002,0.8352
1003.275,1.80064453125,0.001403246875,0.7471828125,0.556046875,0.22703125,4.152234375000001,0.58745,2.0182187499999995,3.5404837499999995
1004.475,3.515390625,0.0008494000000000002,0.5891249999999999,0.23125,0.235,3.519,0.33999999999999997,3.7709999999999995,1.5
1004.575,1.5630673828125,0.0021522597656249997,0.8594250000000001,0.34375,0.20625000000000002,3.6261796874999996,0.5960000000000001,1.0088437500000003,0.9874724999999999
1004.875,1.5,0.0018000000000000002,0.6,0.25,0.25,3.0,0.7200000000000001,1.9,1.2
1005.2,1.4521875,0.001525625,0.46799999999999997,0.30625,0.2375,3.0075000000000003,0.36000000000000004,1.0,1.3199999999999998
1006.175,1.62,0.00135,0.6,0.25,0.175,2.4000000000000004,0.4,1.0,1.2
1009.15,1.0332656249999999,0.00088396875,0.534,0.278125,0.46312499999999995,3.00375,0.684,1.9,1.2599999999999998
1010.45,1.5,0.001,0.6,0.25,0.25,3.0,0.4,1.0,1.2
1011.05,1.542228515625,0.0011501953125,0.8000624999999999,0.4575,0.21000000000000002,3.470484375,0.5730000000000001,1.029375,1.6965
1011.175,1.6598847656250002,0.0032957015625000004,1.617975,0.3375,0.353125,6.145260937499999,0.42000000000000004,1.073125,3.1518
1014.725,1.4475,0.0013,0.51,0.225,0.2125,2.7,0.37,1.0,1.6800000000000002
1017.5,2.3235937499999997,0.0018805000000000002,0.49747500000000006,0.420375,0.1640625,2.746875,0.4,1.35,1.3679999999999999
1017.725,1.93008046875,0.0024056281250000003,0.5779500000000001,0.40941406250000006,0.237421875,3.1720275,1.3862875000000003,2.123546875,1.1397121875
1018.55,1.6490624999999999,0.0015206249999999998,0.7050000000000001,0.25,0.25,3.22875,0.612,1.175,1.2
1020.9,2.1216796875,0.00155795,0.82726875,0.23125,0.31234375000000003,3.839390625,0.72675,0.9653749999999999,1.4821874999999998
1021.1,1.5479296875,0.0019974375,0.891375,0.2125,0.8083125,2.737940625,0.3295,1.34203125,2.5471874999999997
1023.225,2.7,0.001,0.6,0.25,0.25,3.0,0.4,1.0,2.16
1025.225,1.46625,0.001538296875,0.58125,0.22375,0.23125,2.9371875000000003,0.3942,1.38875,1.3800000000000001
1025.65,1.5646875,0.0016044375,0.73425,0.259375,0.1925,3.4556250000000004,0.7020000000000001,1.411875,2.458125
1027.475,1.5289453124999999,0.00110195625,0.6167812500000001,0.265234375,0.2428125,3.731655,0.35678250000000006,0.988984375,1.492265625
1027.525,1.81939453125,0.001917234375,0.48456487500000006,0.3025,0.235625,3.8342343750000003,0.30135,1.0546875,1.38945375
1028.25,2.025,0.0025200000000000005,0.54,0.25,0.2,2.55,0.4,1.0,1.6800000000000002
1030.2,1.71908203125,0.0014746484375,0.5381343749999999,0.32546875,0.38515625,4.172484375,0.3642000000000001,2.0899374999999996,2.28855
1031.05,1.7625,0.0017600000000000003,0.5130000000000001,0.25,0.225,2.775,0.4,1.7,1.44
1033.05,1.6884462890625,0.0035760726562500005,1.2514875,0.26875000000000004,0.39875,5.468149687499999,0.46475000000000005,1.9747734375,2.1457125
1034.85,1.565625,0.00119,0.5782499999999999,0.25,0.24375,2.94375,0.4,0.9400000000000001,1.2599999999999998
1035.925,1.828125,0.0016437500000000002,0.5925,0.2125,0.195,4.21875,0.38,0.975,1.5299999999999998
1036.175,2.1365625,0.0012510000000000002,0.5925,0.3625,0.208125,4.621875,0.36000000000000004,1.0,2.22
1036.225,2.28744140625,0.0029889871875000006,0.6365624999999999,0.31875,0.2407421875,4.300467187499999,0.6140000000000001,2.249125,1.5697500000000002
1039.85,1.45453125,0.0009165,0.5891249999999999,0.25,0.1728125,2.971875,0.4,1.0875,1.6709999999999998
1040.85,2.2132668457031253,0.0013663555664062501,0.824851875,0.8830546874999999,0.24492187499999998,2.6919667968749996,0.4246000000000001,0.983359375,2.4213635625000003
1044.2,3.52453125,0.0010684000000000002,0.39825,0.41675,0.39684375000000005,3.11775,0.37605,1.6675,2.9835
1044.6,1.608515625,0.00104575,0.5651062499999999,0.25,0.19875,3.5859375,0.4,1.01875,2.4793499999999993
1046.725,2.248125,0.00134125,0.81,0.25,0.25,3.4574999999999996,0.4,1.35,1.2
1047.225,1.9745214843749999,0.0012251625,0.66361640625,0.612890625,0.273984375,3.5581875,0.37927500000000003,1.9084453124999998,2.2513875
1048.125,5.53078125,0.0013635000000000001,0.5782499999999999,0.2125,0.22,4.038,0.4,1.53,1.7999999999999998
1048.675,1.6714453125,0.00134915625,0.579375,0.3184375,0.225234375,5.0921109375,0.38,1.87875,1.7368800000000002
1053.175,2.17840869140625,0.001656345703125,1.06470375,0.29953125,0.25234375,2.9464335937499997,0.6615000000000001,0.9667187500000001,1.2288037500000002
1055.05,1.5,0.0009000000000000001,0.6,0.25,0.25,3.0,0.27999999999999997,1.0,1.2
1055.95,1.4119628906250001,0.00143925,0.5762765625,0.4159375,0.22468749999999998,2.1657890624999996,0.36000000000000004,1.0046875,1.6398374999999998
1057.55,1.4612109375,0.001806359375,0.52005,0.28515625,0.41703124999999996,6.3412500000000005,0.48000000000000004,1.917,1.2946499999999999
1057.95,1.5,0.001,0.6,0.25,0.25,3.0,0.4,1.0,1.2
1060.125,1.7625,0.0017600000000000003,0.5700000000000001,0.25,0.225,2.775,0.4,1.0,1.44
1060.3,1.275,0.00135,0.6,0.25,0.25,3.0,0.578,1.0,1.2
1062.5,1.713898974609375,0.00267968310546875,1.2162196875,0.2113125,0.250625,4.032073828125,0.45,1.2233921875,1.365375
1063.375,5.073890624999999,0.0021015625,0.534,0.19468749999999999,0.195,3.37875,0.54,0.6825,1.7699999999999998
1063.85,2.34984375,0.0014400625,0.6525000000000001,0.25,0.25,2.5213124999999996,0.569,3.5719999999999996,1.5899999999999999
1064.525,3.8887499999999995,0.0026774999999999998,0.6,0.25,0.25,3.75,0.7200000000000001,0.95,2.2199999999999998
1064.625,2.379375,0.0013770000000000002,0.5565,0.175,0.19,2.676,0.4,1.35,1.3199999999999998
1065.55,1.477072265625,0.0010114453125,1.0138500000000001,0.4375,0.265625,4.0236093749999995,0.5800000000000001,1.066875,1.6213499999999998
1065.6,2.15015625,0.0021113437500000004,0.59625,0.30656249999999996,0.246875,2.0435624999999997,0.8330000000000001,1.0,1.3200000000000003
1066.325,1.4849999999999999,0.00177659375,0.6525000000000001,0.22250000000000003,0.25,3.174375,0.506,1.7775,1.08
1066.75,1.1954395312500001,0.0016009031250000002,0.8523375000000001,0.49281250000000004,0.3517109375,3.3121585312499997,0.36362312500000005,1.361740234375,1.2523171875
1067.6,2.3763105468749997,0.001992234375,0.57905625,0.31246874999999996,0.30246484375,4.981120312500001,0.3875,0.8375625,2.4623774999999997
1068.3,2.23125,0.0010875,1.02,0.25,0.25,3.6,0.32000000000000006,0.975,1.95
1070.7,2.773125,0.0017800000000000003,0.585,0.475,0.16624999999999998,2.4375,0.4,1.0,3.24
1071.3,2.6025,0.00156625,0.6,0.25,0.25,3.9000000000000004,0.5800000000000001,1.355,1.68
1071.3,1.4686523437499999,0.001121575,0.8185453125,0.79028125,0.29953125,3.7083749999999998,0.3825,2.059390625,2.5077749999999996
1073.975,1.601484375,0.00158015625,0.4401,0.2640625,0.240625,3.555,0.56,1.33,2.4989999999999997
1075.975,3.8385937500000002,0.00150803125,0.81,0.6356250000000001,0.23125,4.47375,0.4,2.4035,1.08
1077.625,3.0190546875,0.0018726875000000002,1.6900499999999998,0.198125,0.4475,3.84103125,0.29655000000000004,1.4720312500000001,1.364625
1077.925,1.4647265624999999,0.0015391562500000002,0.4077871875,0.278125,0.224375,3.35296875,0.4,0.909375,1.8396749999999997
1077.975,1.32289453125,0.000935390625,0.5265,0.425,0.28125,4.447218749999999,0.48000000000000004,1.15875,2.133
1078.975,1.8937499999999998,0.0030020000000000003,0.585,0.3,0.2375,2.4375,0.4,1.0,1.3920000000000001
1079.0,2.99625,0.0017600000000000003,0.5700000000000001,0.25,0.225,2.775,0.4,1.0,1.44
1080.35,2.05734375,0.00165221875,0.667125,0.43296875,0.22125,3.2278125,1.0469,1.2059375,1.28034375
1080.625,1.90265625,0.002691153125,0.7018125,0.54803125,0.2484375,3.95775,0.5195000000000001,1.5025,1.359
1080.925,1.565625,0.001083125,0.6,0.25,0.25,4.09875,0.4,1.04,1.08
1082.55,1.5,0.000616,0.54,0.25,0.25,5.4,0.33999999999999997,1.8299999999999998,0.96
1082.825,3.676640625,0.0013490625,0.64340625,0.45921875,0.24296875,3.047625,0.31498000000000004,1.05,1.2719999999999998
1083.575,1.8937499999999998,0.0015050000000000003,0.585,0.25,0.2375,4.0875,0.36000000000000004,0.95,1.8599999999999999
1084.225,1.3953515624999997,0.00166828125,0.6719999999999999,0.2640625,0.15575,4.8853124999999995,0.2597,1.375,1.23
1084.55,2.445,0.00234225,0.8025,0.275,0.24375,2.541,0.4,1.35,1.296
1084.625,1.84822265625,0.001349578125,0.5896874999999999,0.227375,0.2376171875,5.246055468750001,0.741,0.9725625,2.0084400000000002
1086.2,1.71703125,0.0010915,0.5302125,0.25,0.246875,4.171875,0.4,1.0375,3.758699999999999
1088.15,2.585625,0.002858125,1.00725,0.40375,0.24375,3.39375,0.5220000000000001,1.0,1.296
1089.5,4.165453125,0.0014505000000000002,0.59625,0.22125,0.246875,2.859375,0.4,1.26,1.248
1091.725,3.3118136718750004,0.00146737265625,0.630103125,0.33686875000000005,0.19988281249999998,3.386625,0.3419000000000001,2.2744125,1.14855
1092.225,1.6609570312500002,0.0013153906250000002,0.56745,0.29046875,0.2688671875,5.4818859374999995,0.27475,1.3865625,1.612425
1093.375,1.31371875,0.00203125,0.6952499999999999,0.2984375,0.2703125,2.9925,0.395,0.8734375000000001,1.1437875
1093.5,1.5050349609374998,0.002125351625,0.61327875,0.36638281250000004,0.32546875,7.20246703125,0.35550000000000004,0.82171875,1.91115
1094.25,1.57171875,0.0015765625,0.48600000000000004,0.240625,0.23125,3.585,0.4,1.0,1.2
1094.275,2.87446875,0.0011353125,0.6,0.253125,0.3375,4.107374999999999,0.40475000000000005,1.0975,1.4699999999999998
1096.75,1.9040625,0.0012581250000000001,0.7050000000000001,0.2,0.23125,5.233874999999999,0.4,1.6475,1.2
1097.5,2.55,0.0017,0.6,0.25,0.25,3.0,0.4,1.0,1.2
1098.5,3.2193749999999994,0.00223875,0.6,0.25,0.25,2.925,0.56,0.975,2.19
1098.925,2.9620212890625,0.00219160078125,1.1089875,0.39375000000000004,0.3015625,4.87263046875,0.55,1.0240625,2.3109
1098.975,2.11414423828125,0.0014385312500000001,0.50173828125,0.45828125,0.21546875,2.4347695312499997,0.37,0.85234375,2.2506618749999996
1100.55,2.8846874999999996,0.002001,0.5925,0.1925,0.24375,2.71875,0.4,1.0,1.296
1103.175,1.7625,0.0017825,0.6,0.25,0.25,4.35,0.4,1.0,1.2
1103.8,1.5,0.0009000000000000001,0.6,0.25,0.25,3.0,0.4,1.8,1.2
1103.8,1.5,0.001,0.6,0.45,0.25,2.0999999999999996,0.4,1.0,1.2
1103.8,1.63125,0.00127125,0.6,0.225,0.25,3.675,0.33999999999999997,1.8299999999999998,1.2
1103.875,1.5182812499999998,0.0013075,0.417375,0.621,0.246875,2.1975000000000002,0.35209999999999997,1.805,1.71
1105.05,1.83703125,0.00162265625,0.4912687499999999,0.2884375,0.23593750000000002,3.65775,0.43050000000000005,1.2999999999999998,1.224
1105.625,2.4543749999999998,0.001265,0.5925,0.2375,0.24375,3.91875,0.5800000000000001,1.8299999999999998,1.1664
1107.375,2.99625,0.0016825,1.02,0.25,0.25,3.9149999999999996,0.4,1.7,1.2
1108.5,1.865625,0.00104375,1.539,0.25,0.25,2.3099999999999996,0.36000000000000004,0.9375,1.575
1108.6,3.4117031250000003,0.0012983125,0.6487499999999999,0.28831249999999997,0.23796875,3.29071875,0.39,1.0875,1.479
1114.75,1.63125,0.0010875,0.6,0.45,0.25,3.6,0.68,0.975,1.4699999999999998
1115.35,5.261885156249999,0.0014252500000000003,0.598125,0.285625,0.2484375,2.4796875,0.4,2.034,2.4624000000000006
1115.875,1.7625,0.0016600000000000002,0.5700000000000001,0.25,0.225,2.775,0.32000000000000006,1.0,1.44
1116.075,2.9362500000000002,0.0013912500000000001,0.6,0.2125,0.25,3.675,0.4,0.8,1.2
1118.75,2.8499999999999996,0.0009500000000000001,0.6,0.25,0.25,3.0,0.68,2.38,1.2
1119.225,2.29078125,0.001796625,0.6975,0.57375,0.2259375,3.5814375,0.38,1.175,1.758
1121.15,3.5046796874999995,0.001983921875,0.567,0.23640624999999998,0.15575,3.2193750000000003,0.37600000000000006,0.561,2.025
1121.975,2.15572265625,0.0024792625,0.5912765625,0.3971875,0.45065625,3.543984375,0.27999999999999997,0.9046875,1.5198375
1122.45,2.3754140625,0.0016724531250000003,0.640725,0.419625,0.2578125,4.883203125,0.44000000000000006,1.2109375,1.5921750000000001
1123.8,1.5,0.001,0.6,0.25,0.25,3.0,0.4,1.0,1.2
1124.075,1.5244453125000001,0.0022338734374999997,1.2188812500000001,0.385265625,0.423671875,6.77551875,0.51275,1.6400000000000001,1.2195
1126.35,1.3809375,0.001370625,0.48,0.30625,0.2125,2.8200000000000003,0.4,1.0,1.2
1126.55,1.6011328125,0.0013266406250000001,0.585,0.3625,0.5343749999999999,4.6872187499999995,0.48000000000000004,1.15875,1.185
1127.7,1.8219140625,0.00163078125,0.8186249999999999,0.3309375,0.287734375,3.0909843749999997,0.385,1.873125,2.0248500000000003
1128.375,1.9825664062500001,0.0026182218750000004,0.735,0.41500000000000004,0.27275,3.6142692187499996,0.45475000000000004,1.9382109374999998,1.2298125
1130.475,1.9428515624999998,0.0014525750000000002,0.77600625,0.33518749999999997,0.48487500000000006,3.0377953124999997,0.3825,1.38171875,2.2719375
1131.8,1.9441406249999997,0.00174246875,0.55427625,0.33987500000000004,0.17828125,3.1012500000000003,0.551,1.3809375,1.9130624999999999
1133.125,1.29673828125,0.0008611295,0.79726875,0.25,0.31234375000000003,4.701890625,0.3525,2.18709375,2.0679374999999998
1134.45,1.3209374999999999,0.0020325625,0.6,0.30625,0.25,3.12,0.4,0.8,1.2
1134.675,1.5,0.001,0.6,0.25,0.25,3.0,0.4,1.0,1.2
1143.35,1.3875,0.001175,0.42,0.3,0.2,2.775,0.37,0.8500000000000001,1.2
1144.125,1.275,0.00135,0.6,0.35,0.25,2.55,0.33999999999999997,0.8,1.2
1144.125,1.9610156250000002,0.0015814375,0.6487499999999999,0.411875,0.23796875,4.38946875,0.39,1.1275,2.3103
1144.175,1.4114472656250001,0.0009676953125,1.070175,0.30375,0.4515625,3.7236093749999997,0.44000000000000006,1.079375,1.3332000000000002
1144.725,2.038125,0.0016390000000000003,0.5745,0.225,0.21687499999999998,2.1579,0.7200000000000001,1.175,1.7615999999999998
1146.65,1.6337578125,0.0018056875,0.719625,0.281,0.44930468749999997,6.891745312499999,0.39,1.0371875,1.826025
1146.975,1.9354687499999998,0.0018662812499999999,0.6,0.278125,0.25,3.06,0.4,0.7200000000000001,2.28
1147.325,3.009556640625,0.00094688671875,0.5459625,0.49500000000000005,0.215,6.487045312499999,0.62,1.7670625,1.194
1151.45,1.4925,0.001363296875,0.62625,0.23625000000000002,0.2375,3.0871874999999998,0.453,1.58875,1.1400000000000001
1151.7,1.9134580078124999,0.00122575390625,0.7498575000000001,0.34375,0.2578125,3.2724609374999996,0.5745,2.3194375,1.1239724999999998
1151.975,1.696875,0.0019010000000000001,0.5925,0.275,0.24375,2.71875,0.4,1.0,2.2032
1154.05,4.22821875,0.0013315625000000003,0.5925,0.22000000000000003,0.24375,3.268125,0.5800000000000001,1.02,2.1012000000000004
1154.575,4.2489375,0.001270625,0.6,0.25625,0.425,6.127499999999999,0.40950000000000003,1.1949999999999998,1.7399999999999998
1155.175,1.45611328125,0.001419578125,0.45889359375,0.2515625,0.2184375,3.026484375,0.385,1.7184375,1.7598375
1156.325,1.8740625,0.0008194375,0.7050000000000001,0.175,0.45,3.22875,0.4,1.175,0.84
1158.8,2.248125,0.0013800000000000002,0.585,0.63,0.2375,2.4375,0.4,1.0,1.3199999999999998
1164.0,1.7170078125000001,0.0038564437500000007,0.885,0.2,0.44437499999999996,4.791038437499999,0.5095000000000001,2.8764218749999997,1.139625
1165.4,3.0684375,0.002009375,0.7050000000000001,0.25,0.25,3.60375,0.56,1.9549999999999998,1.71
1166.6,3.40875,0.0015800000000000002,0.585,0.3,0.2375,2.4375,0.76,1.0,1.3920000000000001
1166.725,1.675921875,0.0033032250000000003,0.634875,0.183203125,0.24359375,2.5752,1.0592500000000002,1.8435937500000004,1.45269375
1166.95,2.5678124999999996,0.0022790625,0.6429,0.326875,0.4196875,3.196875,0.4610000000000001,1.0,1.248
1169.725,1.5,0.001,0.6,0.25,0.25,3.0,0.4,0.9,1.2
1170.55,1.439765625,0.00087078125,0.5700000000000001,0.25,0.3125,5.8944374999999996,0.56,1.3175,1.17
1171.475,1.5,0.0007600000000000002,0.6,0.25,0.25,3.0,0.27999999999999997,2.6599999999999997,1.2
1172.2,2.22421875,0.0016040625,0.744,0.278125,0.195,3.4612499999999997,0.342,1.35,1.2599999999999998
1173.2,2.988328125,0.0015849062500000002,0.71145,0.21625,0.290625,6.99140625,0.48000000000000004,1.421875,1.7443500000000003
1173.75,1.7109375,0.0009858906250000002,0.6995625,0.46609375,0.2390625,3.39253125,0.23799999999999996,3.5054999999999996,1.2149999999999999
1178.375,1.6383984374999998,0.00173421875,0.65090625,0.26921875,0.29296875,3.46621875,0.57525,2.709,0.7543199999999999
1178.575,1.5,0.001,0.6,0.25,0.25,3.0,0.4,1.0,1.2
1179.35,2.06883837890625,0.001414908203125,0.597543,0.3109375,0.22640625,3.36685546875,0.45825000000000005,1.83471875,1.1919862499999998
1179.85,2.61036328125,0.001125390625,0.5069250000000001,0.25,0.1925,4.39096875,0.48000000000000004,2.534125,0.996
1180.075,2.23101064453125,0.001595800390625,0.85449375,0.2953125,0.27578125,6.623998945312499,0.3325,1.0120312500000002,1.7554500000000002
1184.5,1.7013281249999999,0.0018455765625,0.65090625,0.399015625,0.44859375,6.609862499999999,0.45975000000000005,1.25125,1.15155
1184.8,1.7625,0.0017825,0.6,0.175,0.25,4.35,0.4,1.0,1.2
1187.425,1.7625,0.0017325,0.6,0.25,0.25,7.395,0.4,1.4,1.2
1188.175,1.8726562500000001,0.002294875,1.18275,0.175,0.648125,4.8226875,0.259,1.6840625,1.48125
1188.5,1.5178124999999998,0.0021966250000000002,0.5925,0.33125,0.24375,2.83875,0.4,0.9,1.296
1190.775,1.562109375,0.0010246500000000002,1.0545375,0.25,0.3746875,4.003781249999999,0.365,1.4134375,3.1758749999999996
1195.525,1.63125,0.0008707500000000001,0.6,0.25,0.25,3.6,0.578,1.8049999999999997,1.4699999999999998
1202.975,1.557890625,0.001754890625,0.6335625,0.28046875000000004,0.235625,6.3291375,0.39285000000000003,0.97796875,1.7845312500000001
1203.525,1.6196249999999996,0.00153125,0.78825,0.25,0.24375,3.40125,0.4,1.525,1.2599999999999998
1206.5,1.7615625,0.0013650000000000001,0.41475,0.49,0.24375,2.49375,0.666,0.9,1.2599999999999998
1207.775,1.8609375,0.0016255000000000002,0.59625,0.2625,0.1728125,4.059375,0.7200000000000001,1.805,1.5691199999999998
1208.725,1.5,0.0009500000000000001,0.6,0.175,0.25,5.4,0.4,2.6599999999999997,1.2
1208.8,1.3860703124999998,0.00166940625,0.458865,0.65928125,0.42749999999999994,2.71125,0.39,0.85,1.6056
1211.725,1.0934765624999998,0.0018443700000000003,1.0545375,0.25,0.3746875,4.003781249999999,0.365,2.5441875,3.1758749999999996
1211.925,1.7625,0.0017825,0.6,0.25,0.25,4.35,0.76,1.0,1.08
1211.925,1.6652979492187499,0.001392568359375,0.76723125,0.35375,0.27625,5.28914765625,0.5,1.79540625,1.29075
1217.45,5.922494531249999,0.0018032812500000002,0.5595,0.22234375,0.17300000000000001,2.9865000000000004,0.45000000000000007,0.8162499999999999,1.815
1218.7,1.141875,0.0013912500000000001,0.6,0.3625,0.25,3.24,0.4,1.0,1.2
1221.175,2.278125,0.0012335625,1.02,0.23125,0.2125,5.4675,0.4,1.53,1.2
1223.0,1.7625,0.0017825,0.6,0.475,0.25,3.48,0.4,1.0,1.2
1231.575,1.5,0.0009500000000000001,0.6,0.25,0.225,3.0,0.4,1.4,1.2
1232.425,1.7767968749999998,0.0016684375,0.7018125,0.2884375,0.3359375,3.9324375,0.43050000000000005,1.1099999999999999,0.9552
1233.05,2.126484375,0.0029072968749999997,0.489,0.2640625,0.240625,3.555,0.4,0.88,1.4699999999999998
1234.35,1.391803125,0.0028082218750000005,0.6990000000000001,0.18000000000000002,0.33468749999999997,3.026415375,0.318325,2.2882109374999997,0.90286875
1238.55,1.50141650390625,0.0015115205078124999,0.7147125000000001,0.296875,0.259375,4.76030859375,0.5780000000000001,2.2100265625000004,1.07873625
1241.775,2.2066611328125,0.00120134765625,1.5331575000000002,0.29250000000000004,0.2578125,3.8493046874999997,0.49000000000000005,0.9334375,1.410675
1245.225,1.6318124999999999,0.00191046875,0.6358125,0.3165625,0.21796875000000002,2.56305,0.4105000000000001,1.1,1.2839999999999998
1252.45,2.1,0.0019,0.54,0.35,0.25,2.55,0.76,1.0,1.6800000000000002
1252.875,2.690625,0.0018667500000000001,0.6311249999999999,0.24375000000000002,0.246875,3.1079999999999997,0.4,1.0750000000000002,1.248
1253.0,1.7400234375,0.00133130625,0.53788125,0.224175,0.24375,6.76177125,0.893,1.6931250000000002,1.3851
1257.45,2.308125,0.00151625,0.81,0.25,0.2125,3.1574999999999998,0.4,2.295,1.2
1266.725,1.9259648437499999,0.0018951500000000002,0.6767156249999999,0.250475,0.23378906249999998,2.9278125,0.38070000000000004,1.4024999999999999,1.2824999999999998
1269.225,1.5771515625,0.0022341109375000005,0.6345000000000001,0.21500000000000002,0.251859375,2.9007076874999997,0.28724625000000004,1.6441054687499999,1.171434375
1270.0,1.9197114257812498,0.0026527683203125,0.57062925,0.2971125,0.24580078125,3.10013671875,0.33432,1.302678125,0.9625889999999999
1278.675,1.6818164062499998,0.0013991132812500003,0.5925,0.41874999999999996,0.6667187499999999,4.083609375,0.44000000000000006,1.079375,1.1925
1281.875,1.5,0.001,0.6,0.25,0.25,3.0,0.4,1.0,1.2
1318.05,1.5,0.001,0.6,0.25,0.25,3.0,0.4,1.0,1.2
1329.95,1.9732814208984375,0.0014288466796875,1.2989306250000001,0.296015625,0.2040625,3.3978691406249997,0.5757500000000001,0.9500781250000001,1.3197393750000002
1331.675,2.1740625,0.0022953125,0.803625,0.326875,0.246875,4.3155,0.4610000000000001,1.2,1.248
1335.1,1.92703125,0.0014288625,0.48326249999999993,0.2625,0.24375,4.936275,0.4,2.39875,1.3752
1337.975,1.5,0.001,0.6,0.25,0.25,3.0,0.4,1.0,1.2
1339.825,2.2323046875,0.0022590500000000003,0.56518125,0.25095,0.223828125,2.4543749999999998,0.44600000000000006,1.28,1.305
1340.425,1.68421875,0.004291648749999999,0.7942499999999999,0.25,0.374375,3.6575625,0.39,0.996875,1.479
1345.925,2.17979296875,0.0019347453125000001,0.66020625,0.42373750000000004,0.32109375,3.77325,0.45475000000000004,1.527125,1.0971
1351.55,1.526765625,0.00122625,0.507375,0.846,0.246875,3.046875,1.1441000000000001,0.9375,2.3204999999999996
1354.925,1.79484375,0.00147721875,0.667125,0.2546875,0.22125,3.54225,0.3857,1.1559375,2.3690625
1372.775,1.561359375,0.0019900625000000005,0.58725,0.225,0.240625,8.86599375,0.76,1.34375,0.798
1500.2,2.025,0.002565,0.6,0.25,0.25,5.699999999999999,0.4,1.0,1.2
