1236.25,2.29345224609375,0.0015082463281250002,1.49537578125,0.23200960937500004,0.31752197265625,4.0509026513671875,0.5170049414062501,0.9839442968750001,2.302936875
1263.05,1.8375,0.0013593750000000001,0.6,0.21375,0.241171875,3.39290625,0.39880000000000004,1.44625,2.3797499999999996
1280.6,1.53,0.000861875,0.6,0.18557500000000002,0.55125,3.12,0.5910000000000001,2.115,1.3050000000000002
1299.25,1.431,0.0027787500000000004,0.6000000000000001,0.2882421875,0.40625,5.86875,0.40375000000000005,1.35375,1.3263000000000003
1352.8,2.3587499999999997,0.0015462499999999999,0.5549999999999999,0.26875,0.278125,5.205,0.35325,1.0,2.7539999999999996
1352.95,1.5,0.001175,0.5700000000000001,0.326875,0.25,5.28,0.27299999999999996,1.0,1.1400000000000001
1363.0,4.916250000000001,0.0015996875000000002,1.053,0.14546875,0.37109375,3.6714374999999997,0.5002500000000001,0.975,2.5336499999999997
1370.8,3.6225300000000007,0.001837266240234375,1.3678359375,0.286816796875,0.4314453125,3.8087613281250006,0.43988775,1.43878125,1.1988093750000002
1378.85,2.8245,0.001209921875,0.63375,0.23173828125,0.39555039062499997,3.85790625,0.30038000000000004,0.99125,1.1971500000000002
1382.45,2.456677734375,0.0013190373144531253,0.534,0.2223743359375,0.3281203369140625,2.2062491308593746,0.4381144531250001,1.5841054687500002,4.243989684374999
1388.45,1.875,0.00138821875,0.5700000000000001,0.23593750000000002,0.38373437499999996,8.3278125,0.36237500000000006,1.58258125,1.2873
1396.35,1.7547421875000002,0.0008949283984375,0.5257499999999999,0.25362021484375,0.296693037109375,4.088805058593749,0.366119375,1.977609375,1.2662171249999998
1400.9,2.53125,0.0011084375,0.6,0.271953125,0.49823281249999996,4.365,0.37015000000000003,0.79,1.0686
1405.9,5.249671171875,0.0012211321630859375,0.905625,0.34098299804687504,0.49918603515625004,2.9978068374023437,0.9229005703125,0.8646025390625001,1.9883701500000002
1406.25,1.7840625,0.0015193359374999999,0.684375,0.2046875,0.33613828125,8.135456249999999,0.4270921875,1.02375,2.7787215
1410.6,1.9275000000000002,0.000998859375,0.585,0.22820859375,0.39625,5.1091875,0.49817500000000003,1.0187499999999998,1.368
1412.7,2.69409375,0.0011913741406250002,0.678,0.255,0.3987109374999999,4.92896475,0.669671875,2.23665625,3.23304
1416.05,1.7025000000000001,0.0014083593749999999,0.676125,0.23543906250000002,0.426375,4.40775,0.6855375,2.8013125000000003,1.74255
1418.75,1.26,0.0009750000000000001,0.42,0.23125,0.489375,2.9174999999999995,0.6050000000000001,1.0,1.887
1419.45,2.099296875,0.0009132760546875,0.4095,0.23321875000000003,0.428619140625,7.925402460937501,0.426190625,2.372296875,1.09764
1422.4,1.651875,0.001440625,0.60075,0.25625,0.444640625,7.681500000000001,0.376875,1.0,1.1549999999999998
1424.4,1.6321875000000001,0.001014800625,1.2144374999999998,0.405401171875,0.6783809765625001,3.0898546875,0.93805375,1.2996875,1.615725
1424.45,1.1640000000000001,0.0021375000000000005,0.8400000000000001,0.42234375,0.2875,7.154999999999999,0.395,0.85,1.1715
1426.0,2.41496484375,0.0014632619140625,0.6487499999999999,0.216608203125,0.27420703125,3.798398830078124,0.39758014843749995,0.983728125,2.0359575000000003
1432.4,1.12875,0.0010812500000000002,0.585,0.28375,0.45807812499999995,4.119375,0.34775,1.0,2.4225000000000003
1435.25,1.54125,0.001240625,0.6,0.23828125,0.20254921875,7.957021875,0.4045,1.04375,1.3575
1437.35,1.6325625000000001,0.0012399701171875001,0.5971875,0.4369265625,0.2310828125,3.5357625,0.363094375,0.9875,1.7201625000000003
1438.35,1.9784742187500002,0.0017111260205078128,0.5791875,0.26517935546875004,0.3327962670898438,3.0145083544921873,0.4619798828125001,1.2297146484375001,2.7409548421874996
1445.0,1.3405583789062498,0.001316241455078125,0.9291286874999999,0.475140234375,0.3387524169921875,5.603004490722656,0.884530318359375,0.9948828125,2.841505828125
1447.15,1.6940625,0.001064828125,1.21125,0.384828125,0.3237890625,2.8285031249999997,0.36721250000000005,1.103125,2.57925
1455.25,2.052421875,0.001412570703125,0.8518125000000001,0.23640234375,0.56150703125,2.9279238281249995,0.9950156250000001,2.0478625,1.363476
1456.25,1.32,0.0012875,0.6,0.17,0.4125,2.985,0.392,1.0,1.02
1458.0,1.4100000000000001,0.0013750000000000001,1.08,0.246875,0.32499999999999996,4.949999999999999,0.39,0.7,1.143
1458.95,2.1,0.0018000000000000002,0.6,0.25,0.25,3.0,0.5800000000000001,1.0,1.2
1460.4,2.3081578125,0.0021198634765625,0.56175,0.2595963671875,0.22103906250000002,5.5910637304687505,0.84120796875,0.9015312499999999,1.74302025
1462.15,1.8375,0.0010075000000000001,0.6,0.25,0.28812499999999996,4.942500000000001,0.37600000000000006,0.95,1.2
1462.9,2.8261875000000005,0.0009735000000000001,0.678,0.36669375000000004,0.45332812499999997,3.55040625,1.2905100000000005,2.181375,1.490925
1474.5,1.725,0.0013875,0.6,0.240625,0.19468749999999999,4.271624999999999,0.3380000000000001,1.175,1.4100000000000001
1475.1,1.252060546875,0.0015356712255859375,0.579375,0.2474365234375,0.28773095703125,9.479930528320313,0.47417695312499997,1.4606611328125,2.9085172499999996
1479.3,2.7234923437500003,0.0012173198486328124,1.07896875,0.24486451171875,0.35248140869140626,4.538010593261719,0.4079249609375,0.8378140625,1.271424375
1481.05,2.4360343359375003,0.0014864966796875002,0.82903125,0.35096523574218746,0.31301171875,5.4481655419921875,0.8167437539062501,0.8815703125,2.6193614625
1481.5,1.70625,0.0011537500000000003,0.6,0.25,0.543375,9.038250000000001,0.35950000000000004,1.325,1.08
1483.15,1.4625,0.00189106875,1.2690000000000001,0.2353125,0.30625,4.5825,0.38875000000000004,0.95,1.53225
1484.15,1.875,0.0010800000000000002,0.6,0.46312499999999995,0.29375,2.0999999999999996,0.27999999999999997,1.0,1.086
1486.2,1.5375,0.00115,0.6,0.2,0.2828125,4.05,0.26005,1.35,0.756
1486.25,4.7628286875,0.002194127329101562,0.556875,0.5367730078124999,0.4134585205078125,7.7955568857421875,0.5091761718750001,0.94903125,1.65094875
1488.45,1.81171875,0.0011174531250000002,0.948,0.3970859375,0.2553125,2.870625,0.6523125000000001,0.96575,1.33125
1488.5,1.763203125,0.0013170722265625002,0.9764999999999999,0.39115937500000003,0.299780859375,3.0368428125,0.448790625,3.3228000000000004,1.175055
1488.95,1.9316015625,0.00140853611328125,0.7882499999999999,0.34646375000000007,0.2637966796875,3.01842140625,0.5223953125,2.3626500000000004,1.6075275
1489.5,2.767875,0.0014874999999999999,0.81,0.71634375,0.283125,4.1850000000000005,0.46237500000000004,1.35975,1.1700000000000002
1493.7,1.8,0.0014000000000000002,0.6,0.25,0.25,3.0,0.49000000000000005,0.8,1.2
1493.75,1.72640625,0.0012783006250000001,0.5700000000000001,0.25201953125,0.2147193359375,7.031217656249999,0.43490625000000005,1.317828125,1.03428
1496.7,2.1,0.0009000000000000001,0.6,0.25,0.475,5.1,0.5800000000000001,1.0,1.2
1503.65,1.70775,0.0013085156250000002,1.1876625,0.2510640625,0.35840625000000004,4.81875,0.6337250000000001,1.074375,1.2622499999999999
1504.5,1.9500000000000002,0.0008500000000000001,0.585,0.2696875,0.30625,4.0575,0.3815,1.0,2.703
1506.3,5.080125,0.00114765625,0.698625,0.25286718750000003,0.4254375,6.351749999999999,0.8459625000000001,1.238,1.0484099999999998
1508.85,1.78419375,0.0023397624609375,0.549375,0.2839078125,0.22105859375000003,6.6391828125,0.46667234375,2.3805515625,1.04423625
1510.6,1.653984375,0.0013034323828125002,1.612575,0.419682421875,0.6581911914062499,3.749220703125,0.8592490625000001,2.06975,1.3181250000000002
1514.1,1.5969375000000001,0.0008105302734374999,0.87225,0.37384912109375,0.204846318359375,5.5266328125,0.54197625,1.08,1.67895
1514.8,1.875815625,0.00215425996875,0.724125,0.26803671875,0.263251953125,4.294991601562501,0.5483046875,1.107078125,1.8679521000000001
1514.95,1.522734375,0.0015863632812500002,0.6,0.22471875,0.61910845703125,3.90716015625,0.42604062500000006,1.00546875,1.3819875000000001
1515.7,1.884375,0.0014018750000000001,0.8699999999999999,0.225,0.36715624999999996,3.485625,0.48400000000000004,0.9875,2.28
1516.25,1.6425,0.00101296875,0.585,0.240625,0.39078124999999997,4.1064375,0.354175,1.6575,1.2474
1518.35,1.5,0.0015249999999999999,0.6,0.45,0.3625,4.800000000000001,0.37,1.0,1.2
1518.85,1.7651250000000003,0.0013049402343750002,0.5943749999999999,0.623853125,0.21520703125,3.471525,0.5177359375,0.975,2.2403250000000003
1520.05,1.8055078125,0.00258007587890625,1.4099906249999998,0.24765625000000002,0.2753173828125,3.7883437499999997,0.7661214843750002,1.112578125,1.6935131250000004
1521.8,1.6692187500000002,0.0019289681640625,0.6774374999999999,0.6364780078125001,0.266392578125,5.49075,0.52134609375,0.9025,0.9633204
1522.0,1.5875071875,0.00190186015625,0.9944999999999999,0.26987500000000003,0.7112382812500001,6.19295203125,0.400125,1.69776875,2.8805054999999995
1524.75,2.1563671875,0.0021070603515625,0.7282500000000001,0.26880156250000004,0.466870634765625,3.2767341796875,0.4072975000000001,1.106484375,1.18149375
1526.95,3.3463125,0.0021803906250000005,0.6493125,0.4042054687500001,0.323890625,4.99378125,0.6074812500000001,1.16275,1.1767050000000001
1529.2,4.3151449218749995,0.0014375780664062502,0.855,0.29218078125,0.3728513330078125,4.9275087890625,0.5715546875,0.911291015625,1.90042575
1529.95,2.214375,0.001096,0.5774999999999999,0.24695859374999998,0.26953125,5.10525,0.520625,1.04375,1.9589999999999999
1531.0,1.6125,0.00119375,0.6,0.2453125,0.293140625,4.029375,0.5391250000000001,1.0,1.8495000000000001
1531.3,1.5,0.00135,0.6,0.25,0.45,2.94,0.38,1.0,1.2
1533.0,1.65,0.0012000000000000001,0.6,0.2,0.25,3.0,0.44500000000000006,0.9,1.2
1538.5,2.475,0.0021993750000000004,0.5700000000000001,0.240625,0.4921875,4.342874999999999,0.6005,0.95,1.467
1540.25,1.5168750000000002,0.0013725,0.6487499999999999,0.2493125,0.286484375,4.55625,0.374625,1.4565000000000001,1.24125
1543.25,1.425,0.0024300000000000003,0.6,0.3375,0.3625,2.85,0.38,0.85,1.2
1543.95,1.5,0.001,0.6,0.25,0.25,3.0,0.4,1.0,1.2
1544.5,1.8,0.0025200000000000005,0.54,0.2375,0.25,3.0,0.49000000000000005,1.9,1.08
1544.6,2.261746171875,0.0013086599243164062,1.511071875,0.4206348349609375,0.30124070434570316,3.7690052966308594,0.44896248046875004,0.81890703125,1.2357121875
1546.55,1.801875,0.00134090625,0.6,0.2159375,0.46345156249999997,3.2972812499999997,0.6492500000000001,1.04375,1.8159
1546.9,2.25,0.0014437500000000002,0.54,0.23125,0.296875,5.68575,0.44100000000000006,0.9,1.734
1547.8,1.5688125000000002,0.0016464062500000003,0.78,0.48182109375000004,0.41421874999999997,4.74075,0.32038125,2.280125,1.6729800000000004
1548.05,1.7268750000000002,0.001090625,0.6675,0.25625,0.444640625,4.4175,0.396875,1.0,1.1549999999999998
1548.95,1.6743802734375,0.001982699267578125,0.8241286874999999,0.263279296875,0.5591983422851563,5.625035740722655,0.7959526074218751,1.0859765625,2.318005828125
1549.2,3.4552499999999995,0.00135,0.81,0.199375,0.30625,3.5250000000000004,0.342,1.0,1.4100000000000001
1553.0,1.53,0.00114375,0.6,0.31946874999999997,0.32625,5.0760000000000005,0.5364000000000001,1.9474999999999998,1.3050000000000002
1554.15,3.1725,0.001,0.6,0.246875,0.225,3.0,0.36000000000000004,1.015,2.1717
1554.75,2.945794921875,0.001171444384765625,0.6609375,0.19321289062500002,0.36377392578125,10.607372428710937,0.4889973046875,0.9831953124999999,1.21720965
1555.35,1.43521875,0.0011037203125000001,1.0260000000000002,0.2353125,0.38341406250000004,2.6462671875,0.30525,1.021875,1.5687600000000002
1556.55,1.5,0.0017,0.6,0.25,0.25,5.4,0.36000000000000004,1.0,1.2
1557.25,2.01,0.0013875,0.6,0.2375,0.17800000000000002,5.369999999999999,0.56975,0.905,0.9984000000000002
1557.45,1.57546875,0.0010852265625,1.02,0.37091875,0.303362890625,3.0743203125,0.36985000000000007,1.3609375,1.3539750000000002
1557.65,1.32553125,0.0015755703125,1.008375,0.25228125,0.3041138671875,4.6777265625,0.43928125,0.8459375,1.6172999999999997
1558.3,1.615339453125,0.0012379407568359375,0.7539375,0.23107812500000002,0.26956298828124997,5.6849576953125,0.5783009765625,1.7955816406249998,1.3271144625
1559.55,1.5328125,0.0019331125000000002,0.6,0.54920390625,0.25796874999999997,2.6376,0.4739375,0.9125,1.5817200000000002
1560.5,3.0173671875,0.0035508515625,0.55125,0.21951171875,0.341991796875,4.00696171875,0.9266062499999999,1.0926562499999999,2.2020013125
1563.0,1.9164843749999998,0.001070211328125,0.7050000000000001,0.288375,0.27556640625,8.5096524609375,0.412015625,1.15734375,2.1852660000000004
1563.05,1.5519375,0.00109900390625,0.746915625,0.250266015625,0.60843046875,5.86659375,0.6608568750000001,1.01859375,1.0355625
1565.0,2.2396875,0.00170371875,0.75,0.22751328125,0.27253515624999997,5.989940624999999,0.725285,1.3090625,2.24127
1565.25,2.6325000000000003,0.0012625,0.81,0.161875,0.25,3.225,0.7314999999999999,1.0,1.4100000000000001
1566.55,1.441875,0.0013784374999999999,0.6480000000000001,0.238640625,0.77315625,2.694534375,0.8739375,1.13125,1.3050000000000002
1569.3,2.6826058593749997,0.0013435502734375,0.82575,0.18228937890625,0.78941808984375,3.32915771484375,0.741462890625,1.284171875,1.1271459375000001
1570.6,1.7690625,0.0023155156250000003,0.7845,0.2773359375,0.2197265625,4.10990625,0.4559375,1.2562499999999999,1.2483600000000001
1573.2,1.5,0.001545,0.4042499999999999,0.22578125,0.2126640625,4.016325000000001,0.51535,1.04375,1.9425
1575.05,1.6816875000000002,0.001277296875,0.8115,0.33128124999999997,0.34149804687499996,3.096681328125,1.16010675,1.269234375,1.308375
1575.85,1.6428281249999999,0.00109799814453125,0.660975,0.383046875,0.30799169921875,2.9812298730468747,0.41398515625000004,0.858234375,1.41353775
1576.65,1.5803268750000001,0.0026125,0.6,0.3044375,0.39515625000000004,4.0649999999999995,0.3651875,1.179875,1.2262499999999998
1577.05,1.45546875,0.000928380234375,0.8400000000000001,0.40526718750000007,0.3246903125,3.5093203125,0.5523125,1.3587500000000001,1.4512275000000001
1577.85,2.633716201171875,0.0022526939941406245,1.183190625,0.2338244140625,0.39920703125,4.215012241699219,1.3367758949218749,1.31318984375,2.884560774375
1578.2,1.9829296875,0.00199443509765625,1.0341,0.2669169921875,0.3964625,5.23814197265625,0.39149062500000004,1.028046875,1.1764312499999998
1578.95,2.64375,0.0021864375,0.6,0.267265625,0.22371875,7.684312499999999,0.534275,1.67875,1.8081
1579.7,3.07310625,0.000862876259765625,0.6484687499999999,0.43221718750000004,0.26103515625,3.53486953125,0.502637109375,0.699453125,1.55745
1580.6,2.379375,0.0015586875,1.08,0.24252656250000001,0.472421875,9.66988125,0.7000700000000001,1.618125,1.5303
1580.9,2.4515624999999996,0.001519234375,0.4995,0.220328125,0.30932812499999995,5.749171875,0.43319375000000004,1.3234375,1.2905250000000001
1582.0,1.1694375,0.0014820312499999998,0.5700000000000001,0.328203125,0.29377734375,6.0035109375,0.44725000000000004,0.9696875,1.21875
1584.95,3.63457177734375,0.0011361314184570313,0.6867187499999999,0.30143618164062497,0.4179963623046875,2.742318873046875,0.42582740234375,1.07316015625,1.097223553125
1586.25,3.4429218749999997,0.0010990253906250002,0.49950000000000006,0.159534375,0.25064453124999997,3.7575316406250003,0.456953125,1.01484375,2.78616
1588.3,2.0435888671874998,0.0012978218481445314,0.6304687499999999,0.30396533203125,0.37111408691406256,4.405242341308593,0.422358921875,1.8580007812500001,1.15495603125
1588.4,1.805625,0.00087425,0.6,0.32810937500000004,0.2659375,2.2752000000000003,0.457875,0.825,1.9634400000000005
1589.7,1.7381250000000001,0.002879561328125,0.6618749999999999,0.32334375000000004,0.26778515625,5.874750000000001,0.4814859375,1.075,1.199625
1594.1,1.56,0.0012875,0.6,0.21393749999999997,0.25,2.64,0.7920000000000001,1.35,1.4100000000000001
1598.2,1.9049999999999998,0.00178125,0.75,0.240625,0.42593749999999997,3.6078749999999995,0.46375000000000005,0.9,1.4535
1598.55,1.4475,0.0016570000000000003,0.6,0.28437500000000004,0.334375,2.5549124999999995,0.533,1.665,1.4100000000000001
1599.75,1.45412109375,0.001526342451171875,0.58125,0.231591796875,0.3302978515625,11.057129806640626,0.43300390625,1.927572265625,1.899285
1599.95,1.636875,0.0021499687500000004,0.6,0.2373328125,0.23328125,3.7408124999999997,0.49200000000000005,1.0875,1.3170000000000002
1604.45,1.9321875,0.00272384296875,0.8893125000000001,0.2483578125,0.31922734375,6.569315625,0.95207375,2.2886249999999997,1.424775
1605.2,2.511553125,0.0010314381298828126,0.8942343749999999,0.34110859375,0.40958007812499997,3.1272043359375004,0.43305484375000003,0.8497265625,1.198725
1605.6,1.5,0.001,0.6,0.25,0.25,3.0,0.4,1.7,1.2
1607.1,1.6021874999999999,0.0012174500000000001,0.6,0.43771953124999996,0.27849999999999997,6.746446874999999,0.54971875,0.8225568749999999,1.2408000000000001
1607.1,2.6984496093750003,0.001702135302734375,0.608801953125,0.3149433330078125,0.72387200390625,4.5476671746093755,0.5649667578124999,1.336521796875,1.18686365625
1608.75,2.7,0.0014875,0.48,0.2125,0.34375,2.985,0.392,1.0,0.84
1611.95,2.11125,0.001185625,0.6,0.41871875000000003,0.281875,2.688,0.5157499999999999,0.95,1.1016000000000001
1612.05,2.4215625000000003,0.0009727265625,1.05,0.20330078125,0.293308203125,4.24125,0.30203,0.9475,1.3486500000000001
1613.8,2.1225,0.0014998671875000001,0.5887499999999999,0.40668750000000004,0.1804140625,4.7145,0.545471875,1.15,1.28925
1614.05,1.5,0.001,0.6,0.25,0.25,3.0,0.4,1.0,1.2
1615.15,1.455,0.0014671875000000002,0.6,0.194375,0.2955859375,3.181453125,0.3914000000000001,1.223125,1.7898749999999999
1615.35,1.7516250000000002,0.003975276484375,0.6281249999999998,0.4735984375,0.24149609375,4.6731375,0.4996109375,1.025,1.5479775000000002
1615.45,2.555625,0.001221875,0.5700000000000001,0.23671875,0.31528125,4.342874999999999,0.41050000000000003,0.9537499999999999,2.975265
1615.75,2.07216796875,0.0012874786132812499,0.60590625,0.236848046875,0.32493847656249997,3.2385660556640623,0.6675289843750001,1.119453125,1.0910631375
1619.15,1.5,0.001,0.6,0.25,0.25,3.0,0.4,1.0,1.2
1625.35,2.4862499999999996,0.0018025000000000003,0.6,0.29375,0.3625,3.225,0.385,0.925,1.2
1626.8,1.5675000000000001,0.0016498437499999998,0.5774999999999999,0.23125,0.28046875,5.139,0.43181250000000004,1.1199999999999999,2.92194
1627.7,1.6323515625000002,0.001080681640625,0.57,0.45281787109375,0.31707705078125004,6.85959375,0.3705075,1.6776874999999998,1.2371625000000002
1627.8,2.5902421875,0.001222805078125,0.5475,0.205703125,0.27587890625,4.8626274609374995,0.41065828125000003,0.6583937499999999,1.830645
1629.15,1.52859375,0.002295973359375,0.6375,0.2353125,0.3798828125,3.8407265624999996,0.558740625,0.69015625,1.3352249999999999
1629.25,3.645,0.0014875,1.02,0.25,0.3575,2.3099999999999996,0.395,0.9,1.2
1629.7,2.0700000000000003,0.00119375,0.6,0.22516718749999998,0.2609375,5.0055,0.6880000000000001,1.0875,1.1640000000000001
1630.1,1.42921875,0.0007480921874999999,0.57,0.37219375,0.38390625,2.8526249999999997,0.9453687500000001,1.0821874999999999,1.77975
1631.1,2.073965625,0.0009592135546874999,1.1115,0.23762500000000003,0.26369140625,5.176264453125,0.44057812500000004,1.17284375,1.12389
1631.2,1.689375,0.0010324406250000002,0.54,0.22062500000000002,0.25703125,2.322534375,0.49012500000000003,1.04375,1.9375200000000001
1631.75,1.3125,0.0012418750000000001,0.81,0.301109375,0.3221875,2.8499999999999996,0.43787499999999996,0.8999999999999999,0.9372
1632.15,1.5,0.00135,0.54,0.40375,0.25,7.5600000000000005,0.38,1.0,1.08
1637.05,2.0278125,0.0011109375,0.495,0.237109375,0.282640625,3.6714374999999997,0.40525,1.3268749999999998,2.0276325
1638.05,1.45875,0.001445,0.6975,0.248625,0.25734375000000004,4.0125,0.40625,1.213,1.5225
1638.45,1.4340527343749998,0.001489930886328125,0.6553125,0.31460328125000003,0.315817822265625,4.106217842285156,0.373448828125,1.3988652343749999,1.16105325
1640.05,2.625,0.0017,0.6,0.24375,0.25,5.4,0.5800000000000001,0.7,1.086
1642.95,4.52190065625,0.0024180468749999996,0.54,0.26208203125,0.3156373046875,4.7717554687499995,0.49621875000000004,1.100875,1.0606874999999998
1646.25,1.5971015625,0.0016383288906250003,0.78825,0.645431484375,0.3530154296875,4.45279640625,0.4262703125,2.3382750000000003,0.87547425
1648.35,1.5,0.0009400000000000001,0.9690000000000001,0.414375,0.3625,5.28,0.663,0.68,1.1400000000000001
1648.8,3.3615000000000004,0.0015987554687500003,0.5298749999999999,0.158790625,0.234765625,9.903571874999997,0.38710200000000006,1.63625,1.7433075000000002
1649.1,1.7535000000000003,0.0012489349609375,0.554596875,0.43094257812500003,0.27794726562500005,3.4193812500000003,0.52346984375,2.4843109374999996,2.44431
1649.45,1.8757031249999998,0.0011391503125,0.585,0.247884765625,0.20735966796875,5.015608828125,0.7096703125,1.6089140624999998,1.802238
1650.65,1.66875,0.00100375,1.14,0.2,0.4843125,3.9712500000000004,0.388,0.975,1.2
1651.55,2.115,0.0009309375,0.6,0.21778750000000002,0.721125,3.06,1.2159,1.5575,1.2525
1652.25,1.6790625000000001,0.0024233609375,0.8699999999999999,0.2103125,0.41442187499999994,3.6445781250000002,0.39005,1.4790625,1.1381999999999999
1652.8,1.8648000000000002,0.0013715638671875,1.00921875,0.23300859374999996,0.23945312500000002,3.80152265625,0.4747755000000001,1.8775625,1.22311875
1654.45,1.5,0.00135,0.6,0.175,0.25,4.2,0.38,1.0,2.04
1654.45,1.845,0.001336453125,0.5925,0.24609375,0.387796875,4.22934375,0.46355,0.8780625,1.067931
1654.75,1.9500000000000002,0.0012000000000000001,0.6,0.25,0.29375,3.0,0.5800000000000001,1.0,1.2
1655.45,1.9734375000000002,0.0018053818359374998,0.629203125,0.4656108716796875,0.7054549101562498,3.5146406249999997,0.4999321875,1.472359375,2.429446875
1655.5,1.6875,0.0010400000000000001,0.6,0.44406249999999997,0.384375,2.55,0.33999999999999997,0.85,1.143
1655.5,1.7484287109375,0.0016535792431640625,0.8221875,0.22696455078125,0.3158173828125,4.033552832519531,0.6030778130859376,0.91780703125,1.8016893749999998
1656.1,1.5150000000000001,0.0017568750000000002,1.204875,0.7076164062499999,0.368593359375,3.620203125,0.472675,2.4023125,2.1266999999999996
1656.85,2.0465625000000003,0.0011728125,0.675,0.20325000000000004,0.2253125,3.65925,0.8056250000000001,1.264375,1.6920000000000002
1656.95,1.5825,0.00148125,0.6,0.2265625,0.200109375,5.3758125,0.40900000000000003,1.0875,1.5150000000000001
1657.7,1.9735523437500002,0.001460078125,0.8628750000000001,0.38381171875,0.2723203125,6.2216249999999995,0.49003109375000004,1.5968593749999997,1.1891250000000002
1657.85,1.7462109375,0.0009507775390625,0.84375,0.2153515625,0.38009570312499996,4.64193873046875,0.81198921875,0.9327812499999999,1.6460482499999998
1658.4,1.46221875,0.0012210900390625,0.5925,0.221921875,0.3553583984375,2.62120974609375,0.40534531250000005,0.9756875000000002,1.6786949999999998
1660.55,4.34025,0.0010084375,0.51,0.18380468749999998,0.641728125,4.02375,0.4776500000000001,0.9875,1.4121000000000001
1660.95,3.425844375,0.00122382626953125,0.56625,0.43793515624999996,0.573309228515625,4.269542373046875,0.44763984375000004,0.9180625,1.3023975
1661.65,1.9500000000000002,0.0009750000000000001,0.6,0.23125,0.30625,5.543249999999999,0.44500000000000006,1.35,1.62
1661.65,2.0124609374999998,0.0017796994140625,0.3936,0.32758906250000003,0.31492382812499997,6.6152103515625,0.5292640625,0.9545703125,1.826769
1661.95,2.76,0.0012837500000000002,0.81,0.3565625,0.325625,2.2049999999999996,0.3375,0.95,1.143
1663.4,1.4364023437500002,0.00121447080078125,0.59278125,0.302316796875,0.27588203125000005,8.569075150195312,0.6241524218750001,1.9151562500000001,1.986229125
1663.7,1.9190789062500002,0.00149086923828125,0.580875,0.22258568359375003,0.38614453125000003,4.355531865234376,0.7161039843750001,1.2066125,1.5240101250000002
1663.85,1.35,0.00206625,1.02,0.25,0.3625,4.35,0.375,0.8,2.1089999999999995
1663.95,1.54734375,0.00109561015625,0.495,0.23640624999999998,0.3017578125,5.525254921875,0.793309375,0.8811249999999999,1.62129
1664.1,1.18575,0.0034116875000000007,0.72,0.331484375,0.2828125,10.283962499999998,0.57775,0.81,1.29075
1664.15,1.2075,0.0013625,0.8699999999999999,0.35,0.4603125,8.67,0.47500000000000003,1.0,1.02
1664.3,2.08875,0.0013425,0.5021249999999999,0.2008828125,0.22383203125,8.08037625,0.46392500000000003,0.996875,1.67625
1664.5,1.4400000000000002,0.001575,0.6,0.2125,0.25,6.48,0.48000000000000004,1.0,1.62
1666.75,1.5,0.001,0.6,0.25,0.25,3.0,0.4,1.0,1.2
1666.95,1.1280000000000001,0.00124375,0.6,0.234375,0.271875,6.579,0.42000000000000004,0.85,1.245
1667.35,1.4160000000000001,0.0024375234375000002,1.1485125,0.22865703125,0.25555,4.161375,0.99723375,1.87565625,1.4427750000000001
1668.65,1.6921875,0.0014734375,0.6371249999999999,0.225390625,0.28991015625,3.7509750000000004,0.499675,0.8125,2.11125
1669.0,1.93875,0.00120125,0.54,0.2503125,0.270625,8.1,0.34099999999999997,0.6825,1.3050000000000002
1669.2,1.5,0.001,0.6,0.225,0.25,3.0,0.4,1.0,0.96
1669.75,2.444935546875,0.000788551435546875,0.8664375,0.4351057373046875,0.34725421630859377,5.230380952148437,0.37925609375,0.973080078125,1.202062996875
1671.0,3.18028828125,0.0010274655859374999,1.0341562499999999,0.24441207812500002,1.0254541025390624,3.40830234375,0.42483250000000006,0.973875,1.2369
1671.7,1.8515625,0.0012734342578125,1.13465625,0.32366841796875,0.520620302734375,9.872727609375,0.506153125,0.90448984375,1.1026275
1672.7,1.5990515625000001,0.0017131816406250003,1.172390625,0.3692232421875,0.33169921874999997,3.7736484375,0.6153453125000001,1.14475,1.2466762500000002
1672.8,1.87875,0.00126875,0.7349999999999999,0.3,0.6377656249999999,6.135,0.82175,0.9,1.1099999999999999
1673.7,4.0934034375,0.00231565625,0.73921875,0.451414296875,0.35506591796875,4.931050781250001,0.412854375,1.1745203124999999,1.1966376
1674.3,1.58296875,0.001068567890625,1.2433124999999998,0.3843798046875,0.80777126953125,3.1959796875000004,0.49865000000000004,0.9740000000000001,1.199475
1675.05,3.7534218749999995,0.00123011328125,0.6,0.185371875,0.2866814453125,4.057160156249999,0.561790625,0.9554687500000001,1.3819875000000001
1675.1,1.53,0.00171375,0.8175,0.49485937499999993,0.48718671874999997,4.24040625,0.54535,1.82625,1.302
1675.2,1.6717968749999998,0.0015999109375000001,1.188,0.313515625,0.54444375,9.48765,0.4303937500000001,1.3891874999999998,1.06593
1675.35,1.5,0.001,0.6,0.25,0.25,3.0,0.4,1.0,1.2
1676.65,2.1575625,0.0011024701171875,0.8371875,0.8301604687499999,0.288853515625,4.2857625,0.61886796875,0.9875,1.6301625000000002
1677.3,2.4375,0.00166265625,0.8699999999999999,0.30453125000000003,0.33140625,3.5231250000000003,0.25180400000000003,1.18875,0.96
1678.0,2.4895078125000003,0.0021032147265625002,0.6243749999999999,0.30798437500000003,0.337472197265625,3.822767578125,0.48584531250000007,0.875323828125,1.23792
1678.45,2.1,0.0010875,0.6,0.25,0.30625,3.3,0.9774999999999999,1.0,1.2
1679.15,2.25,0.00108375,0.6,0.33781249999999996,0.19731249999999997,2.6999999999999997,0.47575,0.95,1.143
1679.85,1.4700000000000002,0.00119375,0.6,0.3126671875,0.3734375,4.50495,0.508,0.9375,1.1640000000000001
1679.95,3.3628125,0.0012175000000000003,1.05,0.4246875,0.43456249999999996,3.54,0.473125,1.30375,1.3050000000000002
1680.45,2.39625,0.00135,0.6,0.1728125,0.2,4.2,1.2060000000000002,0.85,1.143
1680.65,1.3200000000000003,0.0014875,0.6,0.23125,0.29375,4.74,0.44000000000000006,1.0,1.4100000000000001
1680.65,1.77,0.00121703125,0.79725,0.258378125,0.5418125,3.9375,0.86745,1.1487500000000002,1.4385
1682.1,1.945791796875,0.0012306079101562502,0.9882573749999999,0.30293359375,0.31034858398437504,7.720383981445312,0.49881146484375005,1.002265625,3.40301165625
1684.0,1.89375,0.0009912500000000002,1.08,0.43312500000000004,0.25125,3.93,0.4105000000000001,1.6575,1.4100000000000001
1685.0,3.9929625000000004,0.001245625,0.975,0.458171875,0.7290656249999999,4.078125,0.42518750000000005,1.167375,1.185
1685.75,2.1,0.0012000000000000001,0.6,0.25,0.205625,3.0,0.6120000000000001,1.805,1.2
1685.85,1.741875,0.0011929296875,0.6380625,0.23803203125,0.34068750000000003,3.3672375000000003,0.52920375,3.9936218749999997,2.648295
1687.2,2.5725,0.00150625,0.81,0.35,0.612,3.555,0.3825,0.6649999999999999,1.2
1687.7,1.7281464843749998,0.001148133837890625,0.8393953125,0.42514374999999993,0.46423916015625,6.439669303710938,0.59997628125,0.9799921875,1.2292933124999998
1687.9,2.1987890625,0.001064119140625,0.7124999999999999,0.23244169921875,0.27176455078125,3.4153124999999998,0.3655075,0.986875,1.1267625000000001
1690.2,1.47,0.0008840000000000001,0.6,0.23125,0.30625,4.449749999999999,0.686,1.0,1.62
1690.45,1.5,0.001175,0.6,0.25,0.3625,3.6,0.39,1.0,1.2
1691.2,2.2289723203125003,0.0013524099243164061,0.8395875,0.247432255859375,0.3549907043457031,3.424005296630859,0.40146248046875,0.86890703125,1.2357121875
1692.65,1.52625,0.00099375,0.42,0.2265625,0.33396875000000004,2.0855625,0.41125,1.0,2.3655
1693.1,2.79703125,0.00098636328125,0.825,0.1575615234375,0.2591541015625,6.1550625,0.33101500000000006,0.98125,1.760175
1693.75,1.5,0.001,0.6,0.425,0.475,3.0,0.4,0.7,1.2
1694.15,2.0664375,0.0010709375,0.6,0.331234375,0.4696875,3.105,0.39,1.0,2.07024
1695.1,1.7850000000000001,0.0010259375,0.5700000000000001,0.23125,0.5315624999999999,5.212875,0.30835,0.95,1.572
1696.85,1.5,0.001,0.6,0.25,0.25,3.0,0.4,1.0,1.2
1697.65,1.52596875,0.001137001953125,0.6734578124999999,0.45023941406250007,0.9223839453125,4.733296875,0.5254284375,1.009296875,1.11778125
1697.7,1.823671875,0.000897805078125,0.5475,0.230703125,0.27587890625,5.3126274609375,1.2359784375,0.8905624999999999,2.0920965
1699.45,2.278125,0.0012542187500000001,1.08,0.2578515625,0.33661640625,5.0325,0.38507500000000006,0.895,1.0773000000000001
1700.8,2.3625,0.00117,0.6,0.246875,0.25375,5.25,0.5800000000000001,0.85,1.143
1700.85,1.9254375,0.002261,0.6345000000000001,0.3,0.5776875,6.296625000000001,0.371,0.9949999999999999,1.1400000000000001
1702.15,1.0263216796875,0.0010837782226562499,0.7087499999999999,0.23080078125000003,0.47347558593750005,5.191458427734375,2.0060228054687497,1.5069265625000001,1.9453166250000002
1702.85,1.87875,0.0012943125,0.6,0.19125000000000003,0.2640625,3.6358124999999997,0.58025,1.0875,0.9528000000000001
1703.1,1.6350000000000002,0.0015996875,0.5549999999999999,0.2125,0.3109375,4.878,0.503625,1.8,2.0466
1703.45,2.1,0.0007,0.6,0.225,0.25,5.1,0.5800000000000001,0.9,0.84
1704.7,3.0900666796875,0.0023853280195312507,0.615,0.2992734375,0.39191383300781246,3.8977587890625003,0.37580468750000007,1.2489529296875,1.1823975
1705.15,1.5946875,0.0011912203125,0.5700000000000001,0.2353125,0.353515625,2.8160578125,0.4350625,0.8175000000000001,2.1625799999999997
1705.45,1.5675000000000001,0.001956232421875,0.65840625,0.22918374609375003,0.322975078125,4.6157812499999995,0.622894375,1.7434687500000001,1.3123125
1705.6,1.5,0.0022325,0.6,0.475,0.35,2.9699999999999998,0.39,1.0,0.84
1708.15,2.7794999999999996,0.00118125,0.51,0.3984375,0.3336875,4.143749999999999,0.587375,1.80975,2.5968600000000004
1711.2,1.63125,0.0014131249999999999,0.5021249999999999,0.216796875,0.25187890625,5.786818125,0.45930000000000004,1.021875,3.085125
1711.35,4.623749999999999,0.0026246250000000007,0.6,0.25515625,0.395875,5.787749999999999,0.4635,0.925,1.2525
1712.5,1.5,0.001175,0.6,0.25,0.595,2.9699999999999998,0.27299999999999996,1.0,1.2
1712.95,1.305,0.00104375,0.867,0.19446874999999997,0.25,2.5380000000000003,0.4768000000000001,1.175,1.3050000000000002
1713.65,1.425,0.0015031250000000001,0.9945,0.29896875,0.3625,4.8149999999999995,0.519,0.74,1.6244999999999998
1714.6,1.9518662109375,0.001047315478515625,1.1019374999999998,0.38124045898437503,0.5040139648437499,2.284759766015625,0.7166350630859375,1.0090570312499998,1.7907093750000005
1715.2,1.5946875,0.0011912203125,0.54,0.24975000000000003,0.253515625,4.8950578125,0.4350625,1.021875,1.0782
1715.65,2.55,0.0009000000000000001,1.08,0.25,0.3625,5.1,0.7200000000000001,1.0,1.02
1716.05,1.9763578124999999,0.00112676302734375,0.85575,0.21443750000000003,0.263876953125,4.4060384765625,0.5104140625,1.1301718749999998,1.038345
1716.25,1.43859375,0.001876071875,0.72,0.38328125,0.3909375,3.3825000000000003,0.28008750000000004,1.8258749999999997,1.2525
1717.8,2.0625,0.0019831249999999996,0.6,0.23125,0.26,3.15,0.37502499999999994,0.95,0.96
1718.5,1.373625,0.00116875,0.54,0.21515625000000002,0.44646874999999997,3.5793749999999998,0.280875,1.8,1.245
1719.85,1.7630859375,0.0011530822265624998,0.6118125,0.23307109375,0.351126953125,3.4021321113281244,0.9607579687500001,1.8459375000000002,1.91732325
1720.45,1.9434375,0.001593125,0.97875,0.3671953125,0.391718359375,7.774678125000001,0.9122962500000001,1.6668749999999999,1.24875
1721.6,1.7925000000000002,0.0018472343750000001,0.9817499999999998,0.221875,0.30859375,5.210624999999999,0.70094375,0.8225,1.3785
1721.7,2.0040234375,0.0018426805664062502,0.7533281249999999,0.26084375000000004,0.18282373046874997,5.8023,0.660574609375,0.8221875000000001,1.6770131250000002
1723.8,1.98099609375,0.0018545922656250003,0.5721,0.25946059570312496,0.4537995532226562,3.462579955078125,0.7749078125000001,1.9839684761718746,1.00544859375
1724.0,3.499875,0.0015134374999999998,0.6,0.23125,0.23700000000000002,6.5482499999999995,0.47495,0.790875,0.9396
1725.1,1.90096875,0.0022884785156250006,0.6434578125,0.2407580078125,0.452652734375,5.776171874999999,0.9916711875000002,0.9592968749999999,1.246303125
1725.45,1.8306210937500003,0.0011007157812500002,0.6825,0.234171875,0.29330166015625003,4.968580078125,0.4205203125,1.109234375,2.031388125
1726.15,1.5,0.00108,0.6,0.19125,0.3625,7.9799999999999995,0.38,1.0,1.62
1726.2,1.5,0.001175,0.54,0.2125,0.25,6.84,0.39,1.0,1.62
1726.35,1.87359375,0.000928277109375,1.1340000000000001,0.23140625,0.3314296875,5.1075703125,0.664040625,0.86540625,1.1896335
1726.7,2.356875,0.0014724999999999999,1.14,0.23953125,0.29625,11.308950000000001,0.4683125,1.5074999999999998,1.1955
1728.6,1.2075,0.00187625,0.6,0.240625,0.278125,4.271624999999999,0.7605000000000001,1.175,1.4100000000000001
1729.9,1.8,0.00068,0.6,0.2375,0.45,4.05,0.49000000000000005,0.855,1.02
1731.3,1.7647031250000003,0.00098636328125,0.825,0.226650390625,0.2716541015625,3.620625,0.351015,0.97375,1.2743250000000002
1731.9,1.5,0.001,0.6,0.25,0.475,3.0,0.4,1.0,0.84
1733.9,1.65,0.0012000000000000001,0.6,0.25,0.225,3.0,0.44500000000000006,0.9,1.2
1733.9,1.9038750000000002,0.0012542578125000002,0.8938312500000001,0.25053203125,0.282015625,7.036875,0.6228625000000001,1.15175,1.231125
1734.05,2.025,0.0014000000000000002,0.6,0.24375,0.175,5.699999999999999,0.4,1.0,1.086
1734.6,1.696875,0.0009748125000000001,0.8400000000000001,0.3415625,0.306875,3.765,0.40025000000000005,1.3287499999999999,1.3050000000000002
1734.6,1.933125,0.00154828125,0.7994999999999999,0.34257812499999996,0.24596484375,4.097953125,0.4336500000000001,1.223125,1.6147500000000001
1736.0,1.54875,0.001141875,0.6,0.43746875,0.271875,3.21,0.646,1.0,1.2240000000000002
1736.15,1.9500000000000002,0.0012000000000000001,1.14,0.25,0.558125,5.4,0.5800000000000001,1.0,0.84
1736.75,2.372958984375,0.0012175674316406248,0.6522656250000001,0.24485761718750002,0.35391611328125,3.383658027832031,0.5825769921875,1.1787265625,1.1279815687499999
1738.35,3.135,0.0012875,0.54,0.2125,0.57,2.985,0.392,1.0,1.2
1738.9,2.344275,0.0012265625,0.54,0.2390625,0.24812500000000004,5.917874999999999,0.48993437500000003,0.8604375,0.9261000000000001
1739.05,2.5302375,0.00153712890625,0.746915625,0.245578515625,0.50999296875,4.086749999999999,1.5139923750000004,1.1060937499999999,1.3205625
1739.45,1.5,0.001,0.6,0.25,0.25,3.0,0.4,1.0,1.2
1741.15,1.6398000000000001,0.0013590638671875,1.00921875,0.25889843749999997,0.30032226562500003,4.10152265625,0.37977550000000004,1.8775625,1.22311875
1741.9,1.2161250000000001,0.001656369921875,0.5343749999999999,0.62582203125,0.40913281250000005,5.3565984375,0.380228625,2.082075,1.05399
1742.4,1.8259359375000002,0.00100952865234375,0.5025,0.6139319921875,0.349580078125,5.43032478515625,0.6809890624999999,0.65841015625,1.258518
1742.9,1.575,0.0011,0.54,0.175,0.29375,7.694999999999999,0.4025000000000001,0.95,1.1099999999999999
1744.6,1.8,0.001575,0.6,0.175,0.35,2.9699999999999998,0.38400000000000006,1.0,1.2
1746.7,1.51875,0.0017325,0.6975,0.578075,0.2859375,7.33125,0.35700000000000004,1.5630000000000002,1.7325
1746.8,1.5605625,0.001055375,0.5130000000000001,0.407390625,0.349796875,3.652125,0.70029375,1.625,0.9093
1747.55,1.56,0.0016875000000000002,1.08,0.305625,0.3375,2.64,0.44000000000000006,2.565,1.4100000000000001
1748.1,1.6912500000000001,0.00115484375,0.585,0.42809375000000005,0.41265624999999995,4.3164375,0.334175,0.8775,1.4100000000000001
1749.95,3.1995,0.001021875,0.6,0.18250000000000002,0.232,5.825925,0.92613125,0.815875,1.9072800000000003
1750.9,1.51875,0.00125,0.5700000000000001,0.301875,0.26640625,5.805,0.320025,2.115,0.6426
1751.25,2.0592187500000003,0.00097376953125,0.9450000000000001,0.5176201171875,0.30009160156250003,6.805312499999999,0.35114,1.138125,1.3268250000000001
1751.65,1.9500000000000002,0.0009750000000000001,0.6,0.23125,0.214375,2.9174999999999995,0.44500000000000006,1.0,1.62
1751.7,2.6774999999999998,0.00114,0.6,0.22062500000000002,0.23500000000000001,5.49,0.41250000000000003,0.95,1.4100000000000001
1752.55,2.2672387265625003,0.0010804928125,0.5264437499999999,0.42257732421875005,0.606189216796875,4.2322078125,0.7946057812499999,1.1346875,1.7494852500000002
1753.55,1.457736328125,0.0008510491406250001,0.4858125,0.23314453125,0.3222900390625,4.121998271484375,1.0159960078125,1.3609890625000003,2.009314125
1753.6,1.62421875,0.0012271015625000001,1.14,0.7301812500000001,0.32523789062499997,2.2990242187499996,0.44231250000000005,1.0109375,1.3779750000000002
1753.9,1.6350000000000002,0.00271946875,0.5549999999999999,0.2125,0.3109375,4.878,0.9568874999999999,1.0,1.137
1754.85,1.49690625,0.0011328125000000001,0.63375,0.253125,0.36732031249999997,4.00875,0.3934375,0.9,1.1774999999999998
1755.8,3.3694375488281247,0.001046233639404297,0.7275,0.368177826171875,0.3428816467285156,3.8527449213867184,0.889788740234375,0.8955710937500001,3.5489156158593747
1756.15,1.5,0.0010875,0.6,0.25,0.4225,2.985,0.3365,1.0,1.2
1757.25,1.425,0.0011011874999999997,0.81,0.22062500000000002,0.3625,6.164999999999999,0.3775,0.9,1.8644999999999998
1757.65,1.603875,0.0011980078125,0.8938312500000001,0.25053203125,0.7418609375,3.9018749999999995,0.9217137500000001,1.0371875,1.231125
1757.65,1.516875,0.00218688046875,0.5943749999999999,0.2453125,0.20609375000000002,4.796025,0.4696109375,1.4375,1.1921249999999999
1758.35,2.42158359375,0.0015772158203125,0.49806374999999997,0.3746171875,0.31444716796875,3.67696998046875,0.42246992187500004,1.0045312499999999,2.383543125
1758.55,2.86125,0.001,0.6,0.2421875,0.40375,3.0,0.38,1.0074999999999998,1.57185
1759.0,1.7999999999999998,0.0018725625,0.6930000000000001,0.21678750000000002,0.29515625,4.849875000000001,0.5066375000000001,1.665,1.2
1759.2,1.6332421875,0.0009601849023437501,0.6525,0.2021484375,0.354345703125,4.87569978515625,0.4810078125,1.0290234375,1.51857
1759.2,1.4404687499999997,0.00193258125,0.585,0.38491015625,0.243763671875,6.30925546875,0.511125,0.83484375,1.2573750000000001
1759.6,3.7395562499999997,0.00222359375,0.6,0.2197265625,0.236118359375,5.478510937499999,0.6272500000000001,1.021875,0.895125
1760.5,2.098107421875,0.00122038095703125,0.6243749999999999,0.43437154296875,0.264603515625,3.436699415039062,0.38522507421874996,1.1931140624999999,1.6179787500000002
1761.05,1.8375,0.0013000000000000002,0.6,0.221875,0.2125,3.9149999999999996,0.42250000000000004,0.95,1.143
1761.6,2.2125,0.001049375,0.6,0.558421875,0.26178124999999997,8.14725,0.41387500000000005,0.925,1.1715
1761.65,2.073984375,0.0012946190625,0.6084000000000002,0.2250298828125,0.25805498046875,5.1503198203125,0.3675625,1.8375764843749995,1.5167062500000001
1761.85,1.7625,0.0014725,0.5021249999999999,0.16433593749999997,0.34889765624999997,4.858162500000001,0.36614,1.9415625,1.51425
1763.35,1.6115625,0.00123115390625,1.0158749999999999,0.23062500000000002,0.23501953125,4.954978125,0.5146734374999999,1.109375,2.0345850000000003
1763.8,1.5,0.001,0.6,0.25,0.425,3.0,0.4,1.0,1.2
1763.9,2.047640625,0.0016790625000000002,0.5565,0.24378906250000001,1.03940859375,3.1218749999999997,0.474075,1.3325,1.776375
1764.2,3.68896875,0.001096015625,0.6922499999999999,0.2498828125,0.295716796875,3.73745390625,0.55715625,1.0109375,2.13033375
1764.25,1.6153125,0.0012566012500000003,0.54,0.2821640625,0.21693867187500002,10.147435312499999,0.4473125,1.6856562499999999,0.9255600000000002
1765.35,1.5,0.001,0.6,0.25,0.25,3.0,0.4,1.0,1.2
1765.65,1.5084374999999999,0.001593440234375,0.5971875,0.24765625,0.228046875,2.72860875,0.43480546875000003,1.56875,1.1960625
1766.05,2.6360625,0.0014640625,0.8400000000000001,0.271953125,0.486044296875,5.2985109375,0.802275,1.8043749999999998,1.38375
1766.5,1.618125,0.0013267968749999999,0.8587499999999999,0.215625,0.3441515625,4.555125,0.286934375,1.0474999999999999,2.06097
1766.65,1.32078515625,0.0009364025390625,0.40162499999999995,0.2309765625,0.291064453125,5.42793873046875,1.596929515625,1.9044781250000002,1.85604825
1767.4,1.995,0.001375,0.6,0.23125,0.27,5.04,0.7395,0.81,1.4100000000000001
1767.55,1.42951171875,0.0011037898976562499,0.590625,0.2459253125,0.24069814453124996,4.829935684570312,0.46681015625,0.97185546875,1.0696065
1768.0,1.695526171875,0.0016750390625,0.8289375000000001,0.31553085937500003,0.29709765625,5.6233125,0.45126554687500003,1.5114296875,1.5170625000000002
1769.2,1.8386718750000002,0.0009757440625000001,0.585,0.284671875,0.31087890625000003,10.6081192265625,0.45696562500000004,1.45421875,1.0998450000000002
1769.85,1.35,0.0017,0.6,0.25,0.25,2.7,0.36000000000000004,1.0,1.2
1771.15,2.608898671875,0.001388524384765625,0.6044456250000001,0.29352890625,0.23645319824218752,6.012723764648436,0.429705,1.214390625,0.9987303750000001
1772.75,1.7174999999999998,0.0013668750000000003,0.70875,0.36930468749999995,0.350593359375,5.4224531250000005,0.5630250000000001,1.389375,1.09068
1773.1,2.175,0.001015,0.6,0.25,0.32625,6.885000000000001,0.3520000000000001,0.9,1.2
1773.8,1.6706250000000002,0.0013767187500000001,0.5774999999999999,0.41625,0.42715625,6.958125000000001,0.30209375,2.96875,2.97027
1774.6,1.7796,0.001543127734375,1.4184375,0.267796875,0.30488281250000004,4.6030453125,0.3695510000000001,2.755125,1.2462375
1774.85,2.565,0.0015249999999999999,1.02,0.14875,0.25,3.45,0.37,1.0,1.62
1777.25,1.5525000000000002,0.0009875,0.6,0.22812500000000002,0.4179375,2.9587499999999998,0.42250000000000004,1.0,1.29
1777.6,2.895046875,0.001351931640625,0.6451593749999999,0.455484375,0.2663943359375,7.280628515625,0.4599398437500001,1.0840625,1.4483812500000002
1778.95,2.1755625000000003,0.0029651875000000004,0.9180000000000001,0.35132500000000005,0.42020312499999996,3.3704062500000003,0.5975600000000002,1.990625,1.4100000000000001
1779.35,3.3764373046875,0.0010201537265625,0.5774999999999999,0.20899765625,0.32532421874999995,5.3030925498046875,0.4704747265625,0.8864539062499999,1.40726775
1780.0,1.6796484375,0.0015959337890625,0.5625,0.31825,0.3472998046875,4.8213145312500005,0.4081953125,0.9661718749999999,1.10757
1780.05,2.7,0.0014000000000000002,0.6,0.25,0.3375,3.0,0.32000000000000006,0.9,1.2
1780.95,1.8403125,0.00205023984375,0.5887499999999999,0.4153578125,0.5120156250000001,7.203196874999999,0.5754525,1.4495000000000002,0.9079800000000001
1781.5,1.666875,0.00108390625,1.053,0.334359375,0.40171874999999996,3.3691500000000008,0.8589150000000001,0.975,1.3980000000000001
1782.75,1.7205,0.001203133203125,0.87425625,0.236203515625,0.227775,3.5806875,0.698616875,1.887828125,1.2643875000000002
1782.75,1.65375,0.001334375,0.42,0.20003906250000003,0.34092968749999997,3.07125,0.5847500000000001,1.4,2.0970000000000004
1784.3,1.9496044921875,0.0009950928442382814,0.5361328125,0.23571005859375,0.343942431640625,2.187688211132812,0.49691349609375,1.08936328125,2.9694593334375
1784.7,1.57546875,0.00184488515625,0.6,0.2119375,0.303362890625,3.0743203125,0.46231250000000007,0.60265625,1.293975
1784.7,1.5393750000000002,0.0031755656250000005,0.6240000000000001,0.23798671875,0.9057937500000001,3.2176734375,0.68296875,1.109375,1.3110000000000002
1785.15,1.10971875,0.001275859375,0.57375,0.3715625,0.338578125,6.1190625,0.287546875,1.984375,2.055135
1786.4,2.7926437500000003,0.0033419218750000003,0.576,0.51100078125,0.27671875,5.8695,0.4464375,0.9125,1.3939440000000003
1786.55,2.0771777343749998,0.0012081436962890625,0.6609375,0.37043066406249997,0.5642281738281251,3.4404846826171873,0.4861473046875,1.1594453125,1.3115120624999999
1786.7,2.178515625,0.001136931640625,0.7124999999999999,0.18574951171874998,0.25457705078125004,4.39753125,0.5615075,1.165625,1.5850875000000002
1787.65,1.425,0.0011725,0.786,0.2575,0.5017187499999999,3.1275,0.367375,1.0,2.16
1788.35,1.8661874999999999,0.0013575,0.5475,0.1935625,0.2536078125,4.3921875,0.5707125000000001,0.9799999999999999,1.9994999999999998
1789.7,1.78125,0.0009775,0.6,0.240625,0.255,3.075,0.37287000000000003,1.4024999999999999,1.2
1790.05,2.0730263671875,0.001175738969726563,0.537,0.39869940234375,0.2925757934570312,4.971739842773437,0.46411972656250006,1.313927734375,2.6601948421875
1792.4,2.8320234374999997,0.001560056640625,0.6,0.15418484375,0.28396572265625,3.791080078125,0.6773953125000001,0.9027343750000001,1.27674375
1793.0,2.7210937499999996,0.00124326640625,0.683625,0.2455234375,0.8589515625,3.43677890625,0.51515625,1.1467500000000002,1.316952
1793.4,3.462068671875,0.0015979933593750003,0.5780624999999999,0.5330477460937499,0.30102343750000005,5.946331083984375,1.2434875078125,1.063140625,1.767401625
1794.25,1.5,0.001,0.6,0.225,0.25,3.0,0.4,1.0,1.2
1794.95,2.565,0.0023766132812500004,0.60151875,0.25209453125000003,0.398578125,2.889375,0.7995387500000001,0.9871875000000001,1.2596249999999998
1795.05,3.50033484375,0.0012291571640625,0.6640828125,0.2366111328125,0.4238509765625,5.388310684570312,1.0288063437500001,1.02490234375,1.3098877500000001
1795.15,1.3681875,0.0011703125,0.6,0.244140625,0.236118359375,5.478510937499999,0.760325,1.021875,1.27875
1795.35,2.025,0.001,0.6,0.24375,0.2,3.0,0.4,1.9,1.086
1796.65,1.65909375,0.00107265625,0.6,0.2376953125,0.2252466796875,4.198005468749999,0.6026625000000001,1.0109375,1.1595000000000002
1798.7,1.67015625,0.001612619921875,0.564375,0.31392890625,0.38100781250000004,7.0215984375,0.434453625,1.2247500000000002,1.2639900000000002
1799.05,1.35375,0.00153125,0.7349999999999999,0.24,0.35515625,7.035,0.41750000000000004,1.0,1.1099999999999999
1799.65,1.2000000000000002,0.0012625,0.48,0.27999999999999997,0.30625,3.5100000000000002,0.26949999999999996,1.0,1.2
1799.75,1.63013671875,0.001287687392578125,0.6455625,0.2879125,0.28091328125000004,3.82634736328125,0.7161091250000001,1.0791796875,1.80756414
1799.8,1.2570000000000001,0.0014086250000000002,1.029,0.268828125,0.43875,3.3525,0.30117499999999997,0.95,1.3575
1800.8,2.4171046875,0.00177640625,1.12575,0.4481546875,0.218390625,7.367249999999999,0.44366218749999997,1.24621875,1.07325
1801.45,2.0625,0.0018904999999999998,0.54,0.240625,0.51359375,9.312375,0.3985000000000001,1.615,1.4100000000000001
1802.2,3.3940828124999998,0.0014825156250000001,0.601125,0.616471875,0.554343359375,4.5806015625,0.6471675,1.59834375,1.10945625
1803.7,2.55,0.001,0.6,0.2375,0.25,3.0,0.4,1.0,0.9720000000000001
1803.9,1.8969843750000002,0.0012819382812500001,0.45149999999999996,0.3109904296875,0.37104232421875,4.541797617187499,0.36323875,1.10984375,1.2274342499999997
1805.1,1.4400000000000002,0.0013875,0.6,0.20033437499999998,0.271875,7.011,0.6160000000000001,1.175,1.1280000000000001
1806.6,1.8544388671875,0.001191845068359375,0.8000349375,0.26800234375,0.26459021484375,5.561258046386718,0.7297847167968751,2.5633828125000004,2.660167453125
1806.75,2.335078125,0.0013266503125000002,0.8130000000000002,0.256478515625,0.26173466796875,5.686858828125,0.451828125,0.81748984375,1.10289
1807.4,2.08875,0.001245,0.6,0.2353125,0.3425,7.1655,0.356625,0.975,1.3050000000000002
1808.35,2.3677974609375,0.002014617134765625,1.12575,0.31625593750000003,0.6016800554199219,5.444633876953125,0.508783984375,1.48744521484375,1.08769875
1808.75,1.5,0.001,0.6,0.25,0.25,3.0,0.4,1.0,1.2
1809.75,2.1879679687499998,0.000954764326171875,0.79125,0.43196599609375,0.6408720703125,3.6856136748046873,0.630445078125,0.829205078125,1.139259
1809.8,2.14734375,0.0012956101562500001,0.5700000000000001,0.249875,0.2955078125,6.710799140625,0.37753125000000004,0.9609375,1.1391
1811.15,2.146857421875,0.0012409084863281251,0.6243749999999999,0.20392910156250002,0.269134765625,3.717105665039062,0.831155626171875,1.0356140624999999,1.49437875
1811.25,2.784375,0.00127953125,0.528,0.31779296875,0.2759921875,8.24176875,0.38843125,1.15125,1.1666249999999998
1812.65,1.5,0.001,0.6,0.25,0.25,3.0,0.4,1.0,1.2
1813.75,1.81875,0.0011621250000000002,0.6,0.2125,0.31906249999999997,3.9562500000000003,0.38000000000000006,0.975,1.2
1814.15,1.7559187500000002,0.0014625,0.5700000000000001,0.72449375,0.26656250000000004,6.36,0.7117687500000001,1.179875,1.16625
1814.4,1.38375,0.001581875,1.02,0.22728125,0.2640625,2.4190687499999997,1.4748750000000002,1.2625000000000002,1.4100000000000001
1814.8,1.5,0.0018000000000000002,0.6,0.25,0.25,3.0,0.4,1.0,1.2
1815.15,1.5,0.00135,0.6,0.25,0.315,2.94,0.38,0.9,1.2
1815.15,1.689375,0.0015471562500000001,0.6,0.22062500000000002,0.34453124999999996,3.31790625,0.39210000000000006,1.9831249999999998,1.0764
1819.0,2.6188828125,0.0035091716757812506,0.6299999999999999,0.22495312500000003,0.2776481162109375,3.003017578125,0.4002593750000001,1.07383203125,1.193295
1820.3,1.627959375,0.0012312500000000001,0.585,0.487246875,0.25828125,4.68,0.555884375,1.0899375,0.9465
1821.25,1.8,0.0008550000000000001,0.6,0.25,0.3625,4.05,0.49000000000000005,1.0,1.2
1822.75,3.8474999999999997,0.0012953125,0.79725,0.255734375,0.600875,4.057499999999999,0.5952500000000001,1.4760000000000002,1.1298
1825.35,2.12015625,0.0014783006250000002,1.0260000000000002,0.26295703125,0.23346933593750002,7.77371765625,0.51365625,0.8349796874999998,1.0057800000000001
1826.85,4.0365,0.00114484375,0.6675,0.2672265625,0.56875703125,4.08,0.38195,0.895,1.0893
1828.0,2.9878529296875,0.0013033110156250001,0.586875,0.21080078125,0.3033447265625,4.328156865234375,0.41866457031250004,0.8231385937500001,1.46266125
1828.85,1.4100000000000001,0.00124375,0.6,0.240625,0.271875,3.87,0.42000000000000004,1.9,1.3050000000000002
1829.9,2.7629221875,0.0027653186425781254,0.8876250000000001,0.32521757812499996,0.43977961425781253,3.289771186523437,0.599069921875,0.95903125,2.03615775
1830.6,1.9500000000000002,0.0017118749999999999,0.51,0.19374999999999998,0.328125,5.015999999999999,0.56725,1.0,0.8640000000000001
1830.95,1.523671875,0.0010478050781250001,0.5475,0.4620859375,0.468994140625,3.83636471484375,0.5966546875000001,0.9405625,1.410645
1831.25,1.696875,0.000995625,0.75,0.3353125,0.250625,3.1185,0.40525000000000005,1.67875,2.241
1831.55,1.1175000000000002,0.001553125,0.6675,0.22625,0.30257812500000003,6.7575,0.44875000000000004,1.0,1.365
1832.0,3.2062500000000003,0.0023215625,0.6,0.4090625,0.1785,3.075,0.33144,1.4024999999999999,1.2
1835.7,3.5625,0.001041875,0.6,0.29390625,0.22365625,5.13,0.35030000000000006,0.975,0.9372
1836.15,1.4010000000000002,0.0010441796875,0.6380625,0.42564515625,0.4381875,4.228875,0.5877687500000001,1.8281562500000001,1.381275
1836.55,3.0254221875000002,0.0014619131347656249,1.1079375,0.34084257812499996,0.4116546142578125,4.8347711865234375,0.513819921875,0.728128125,1.19419875
1837.0,1.4029687499999999,0.002734790625,0.6599999999999999,0.22362500000000002,0.27828125000000004,3.5296874999999996,1.0930937500000002,1.1696875,1.2330000000000003
1837.7,2.609296875,0.001306789453125,0.6675,0.21971875,0.32925957031249997,5.92466015625,0.43479062500000004,1.00546875,2.54027625
1838.7,2.3970000000000002,0.00271125,0.6,0.340625,0.6234375,3.8160000000000007,0.405,1.0,1.1745
1839.05,1.5,0.001,0.6,0.2375,0.25,3.0,0.4,0.7,1.08
1839.6,1.5,0.0017399999999999998,0.5549999999999999,0.2765625,0.175328125,5.8408125,0.6507000000000001,1.0875,1.845
1839.7,1.2000000000000002,0.001,0.6,0.25,0.61625,3.0,0.7200000000000001,1.0,1.734
1840.0,2.0625,0.0014437500000000002,1.02,0.41625,0.26,3.15,0.53575,0.95,1.2
1842.0,2.7,0.001,0.6,0.175,0.25,3.0,0.4,1.0,1.2
1842.2,1.63725,0.0023770937500000003,0.6110625,0.26618359375,0.25332226562500004,9.182169374999999,0.5208375000000001,0.9034375,1.4835
1843.75,2.1975234375,0.00082317607421875,0.6225796874999999,0.35274218749999997,0.25819716796875003,3.59821998046875,0.7309488671875001,0.8336250000000001,1.324190625
1844.55,1.47375,0.0018135000000000002,0.918,0.33765625,0.3931875,2.7337499999999997,0.47250000000000003,0.925,1.5150000000000001
1844.7,3.3412500000000005,0.0014182734375,0.75121875,0.275603765625,0.38897216796874995,3.65525390625,0.694234125,1.7098328124999997,1.337025
1845.05,1.6239796875,0.001403125,0.5925,0.42424843749999996,0.254140625,4.14,0.8805017187499999,0.9764781249999999,1.28325
1846.05,1.7184374999999998,0.0020112656250000005,0.5818500000000001,0.22706015625,0.26421875,7.731618750000002,0.8488418750000001,1.37625,1.2585000000000002
1846.3,2.38125,0.0014218750000000002,0.6,0.240625,0.29875,3.075,0.3743,1.3525,1.2
1846.3,1.3590234374999999,0.0009211854218749999,0.5812499999999999,0.22764375000000003,0.33770898437499997,6.689871369140625,0.5436203125,0.9437109374999999,1.299213
1847.25,1.6320609375000001,0.001700454150390625,1.073503125,0.28479121093750004,0.17486027343750002,8.126693825097655,0.5792137109375001,1.796953125,1.8971645625
1847.75,2.83528125,0.00275625,0.6930000000000001,0.256328125,0.6655234374999999,3.32625,0.5801875000000001,1.665,1.66575
1850.45,1.4821875,0.0015624703125,0.9450000000000001,0.45315625000000004,0.281640625,5.363953125,0.4375625,0.9196875000000001,1.6782
1850.75,2.1360937499999997,0.00116561015625,0.5700000000000001,0.23518750000000002,0.2442578125,5.192528906250001,0.42378125,0.9859375,0.99528
1851.55,2.2646484375,0.00087898177734375,0.47400000000000003,0.242390625,0.417001953125,4.981824785156251,0.4759453125,0.9505859374999999,1.468245
1852.95,1.53375,0.0014298671875,0.5887499999999999,0.240625,0.265234375,6.5920499999999995,0.539221875,1.175,1.18425
1854.95,2.4038859374999997,0.0011624765625,1.4943,0.29354296874999997,0.37875000000000003,3.3271875,0.38790625,0.8845875,1.4756250000000002
1855.55,2.06625,0.0021483281250000005,0.698625,0.25262656250000004,0.39778125,4.59375,0.7237250000000001,1.6989375000000002,2.452425
1856.25,1.37859375,0.0012334070312500001,0.6375,0.2353125,0.61490234375,7.35438046875,0.568740625,0.9859375,1.3352249999999999
1857.25,2.920125,0.00100421875,0.5549999999999999,0.151831640625,0.5583640624999999,3.511875,0.438825,0.99375,1.12605
1858.0,2.625,0.0010875,0.6,0.2125,0.27,3.3,0.6715,0.9,1.2
1858.5,1.2189052734375,0.002473679362792969,0.6496875,0.28946044921875,0.285271728515625,6.9173625599121085,0.9993306054687499,1.13533056640625,1.8896702625000001
1859.25,1.571015625,0.0011161347265625002,0.8414999999999999,0.33009375,0.6579199218749999,3.553241015625,0.406790625,1.7022499999999998,0.9109200000000002
1859.4,2.4000000000000004,0.0009500000000000001,0.6,0.2125,0.3625,2.8349999999999995,0.49000000000000005,1.0,2.04
1860.2,1.6343671875,0.0012052206054687501,1.854225,0.24057766113281248,0.6368965581054687,7.50714140625,0.4861850000000001,1.23459375,1.37244
1860.4,2.0118375000000004,0.001575,0.6,0.35887500000000006,0.283125,5.16,0.4573750000000001,1.35975,1.2525
1860.4,3.0687187500000004,0.0016263632812500003,0.70265625,0.48844648437500005,0.41339843749999994,4.547296875,0.8306906250000001,1.2894999999999999,1.2933525000000001
1861.9,1.3094062499999999,0.0015957031250000001,0.543,0.37255117187500003,0.32969140625,6.321740625,0.417865625,1.1458562499999998,1.5977400000000002
1863.95,2.262591796875,0.0010558476132812502,0.6453609375,0.3716984375,0.27365380859375,5.553487939453125,0.5880244843750001,1.08162109375,2.930350851
1865.8,3.5126249999999994,0.0013188281250000001,0.6449999999999999,0.24110156250000006,0.410390625,2.2542187499999997,0.42840200000000006,2.0793124999999995,1.4235
1866.65,1.5,0.001,0.42,0.2375,0.25,3.0,0.4,1.7,1.08
1867.4,1.5684375,0.0012102482812500002,0.5700000000000001,0.25250000000000006,0.29570312499999996,2.3491275,0.97196875,1.354375,1.2432
1867.6,3.1827187500000003,0.001724982421875,0.65840625,0.3424053515625,0.53242421875,3.44578125,0.596956875,0.96859375,1.2073124999999998
1868.25,3.7941960937499997,0.0015709658203125,0.81,0.19073304687499998,0.21921128906249998,3.1050744140625,1.0761351562500001,0.8660937500000001,1.343371875
1868.45,3.508066875,0.0018852312109375001,0.579375,0.23725000000000002,0.21134375000000002,2.9124703124999995,0.57042234375,2.8657484374999997,1.02548625
1868.7,1.275,0.0020924999999999997,0.51,0.3125,0.30625,7.41,0.385,1.0,2.28
1868.8,2.8890000000000002,0.0013987554687500002,0.5887499999999999,0.22996875,0.272265625,6.566090624999999,0.4838775,2.94525,1.082475
1870.15,2.3002031250000003,0.0020305951171875,0.6436875,0.440090625,0.44036523437499997,3.3988875,0.54896171875,1.32,1.9530375000000002
1870.25,1.5571875,0.0010668140625,0.675,0.22062500000000002,0.309765625,4.741453125,0.7374812500000001,0.971875,1.47045
1870.95,1.95375,0.00118125,0.7349999999999999,0.26249999999999996,0.63928125,5.835,0.39375,1.0,1.1099999999999999
1872.75,3.4913910937500003,0.00149874814453125,0.7732125000000001,0.33503828125,0.258187060546875,4.994229873046875,0.42450375,1.110953125,0.9631807499999999
1873.7,1.5,0.001,0.6,0.25,0.3625,5.1,0.36000000000000004,1.0,1.02
1873.8,1.91484375,0.001225921875,0.5475,0.2265234375,0.37304609375,3.1359234375,0.8963249999999999,1.1853124999999998,3.267002625
1873.9,2.366109375,0.0017292822265625,0.6367289062499999,0.42965095703125,0.55044197265625,7.0274671875,0.42843421875,1.2058984375,0.8112234374999999
1874.25,1.69317890625,0.0012508815136718751,0.967875,0.23065625,0.2944384765625,3.742415390625,0.7653519531249999,0.9150859374999999,1.8541432500000001
1874.25,1.595625,0.001084890625,0.99675,0.2545625,0.31330859375,5.005453125,0.5035625,0.891875,1.1256000000000002
1878.55,1.7770312500000003,0.0010798125,0.49979999999999997,0.3095792578125,0.7686390625,4.3767,0.477478125,0.865,1.159338
1879.1,1.4849999999999999,0.00195605,0.6,0.240625,0.334375,4.024875,0.538,1.0,1.4100000000000001
1879.45,1.5009375,0.0008193171875,1.08,0.209671875,0.53985078125,3.1486406249999996,0.684625,0.8175000000000001,1.597455
1879.75,1.5,0.0018000000000000002,0.6,0.25,0.425,3.0,0.4,1.0,1.2
1880.75,1.7475,0.0009420000000000001,0.6,0.2375,0.25312500000000004,3.7248749999999995,0.543,1.45,1.3530000000000002
1882.9,1.62,0.001575,0.6,0.36124999999999996,0.25,3.6,0.48000000000000004,1.7,1.62
1885.15,1.5,0.001175,0.6,0.25,0.3625,6.48,0.663,1.9,1.2
1886.3,1.725,0.0013875,0.6,0.240625,0.22378125,2.9587499999999998,0.71825,1.0,2.6790000000000003
1886.75,1.53253125,0.0010725625,0.72,0.2928515625,0.2714966796875,4.62175546875,0.5802875000000001,1.1753125,1.291875
1886.75,1.5548437499999999,0.0015713156328125003,1.0665,0.21277500000000002,0.2881072265625,2.299553625,0.5741484375000001,1.4440625,1.9067962499999997
1886.9,1.0499999999999998,0.0008,0.42,0.175,0.25,3.0,0.4,1.0,1.2
1888.1,1.8234375,0.0009749062500000001,1.296,0.544171875,0.260625,3.3412499999999996,0.42262500000000003,0.9315,1.4625000000000001
1888.2,1.88671875,0.0009749531250000001,0.948,0.38771093749999996,0.45125,3.1293749999999996,0.43381250000000005,0.96575,1.5412500000000002
1889.25,1.362,0.0019125000000000004,0.9600000000000001,0.363984375,0.5625,4.8975,0.41750000000000004,1.7075,1.0326000000000002
1890.55,1.425,0.001065625,0.786,0.23175,0.2640625,2.81475,0.6612750000000001,2.43,1.2
1890.9,1.75940625,0.0025617656250000002,1.8239999999999998,0.29272843750000005,0.486171875,5.070375,0.8553621875,3.1161187499999996,0.879543
1891.7,2.55,0.001175,0.6,0.25,0.29,3.6,0.39,0.8,1.2
1891.75,1.7406292968750001,0.0020484024365234376,0.5700000000000001,0.2280458984375,0.21894414062500003,5.732465744824219,0.48092429687500005,3.1446369140625,2.3377188749999998
1892.0,3.1605949218749996,0.0027292342695312503,0.585,0.54063984375,0.3177224267578125,5.78926775390625,0.6745679687500001,1.2748904296874999,1.2153975
1892.7,2.3793750000000005,0.00165453125,0.6,0.31859375,0.506971875,2.4135,0.37697,1.20125,1.245
1892.95,2.208046875,0.0024253611328125,0.9066562499999999,0.2716875,0.272353515625,4.047,0.43914921875,1.05546875,2.1540262500000003
1895.15,2.85375,0.0014656250000000001,1.02,0.5663125,0.55575,2.7299999999999995,0.465375,0.925,1.2
1895.25,1.8180468749999998,0.0014828050781250002,0.585,0.24259375,0.267703125,4.096264453125,0.3707015625,0.99296875,1.09764
1895.7,4.779939843749999,0.0033494060390625007,0.6299999999999999,0.22964062500000001,0.41039016601562495,4.908017578125,0.3891093750000001,1.610405859375,1.193295
1895.85,2.67375,0.00114765625,0.698625,0.25286718750000003,0.38289375000000003,3.5287499999999996,0.49762500000000004,1.238,1.1648999999999998
1896.15,1.9541273437500002,0.0012585937500000002,0.396375,0.5469173437500001,0.3011328125,8.268693749999997,0.408746953125,0.952703125,0.8386875
1896.3,2.2133554687499997,0.0012380746289062502,0.46799999999999997,0.194748671875,0.318740673828125,3.3035689453124997,0.5562289062500001,0.8601171875000001,3.2673575624999995
1896.4,1.6965000000000001,0.00175453125,0.5700000000000001,0.328203125,0.28127734375,5.478510937499999,0.36225000000000007,1.56346875,1.21875
1897.05,2.1,0.0015,0.6,0.475,0.2278125,3.0,0.5960000000000001,1.4024999999999999,2.04
1897.5,2.1619921875,0.00118918453125,0.6042000000000001,0.28142119140625,0.227683740234375,3.9251599101562498,0.42165625,2.5088188359374994,0.9308971875
1897.7,1.490625,0.0031314531249999997,0.5700000000000001,0.5260703125,0.23752734375,7.2185109375,0.44225000000000003,0.9696875,1.42875
1898.7,1.8439839843749999,0.0011523821630859375,0.6956249999999999,0.34098299804687504,1.036328466796875,2.3189647861816405,0.5052225390625,0.7316820312500001,1.1696295
1899.85,1.336125,0.0018751199218750001,0.5943749999999999,0.33267890624999996,0.38100781250000004,6.301598437499999,0.46772625,1.2247500000000002,1.791783
1900.25,2.7,0.001,0.6,0.25,0.25,3.0,0.76,1.0,1.2
1901.0,1.485,0.0013085156250000002,0.698625,0.2541890625,0.43965625,3.46875,1.2040775000000001,1.074375,1.3192499999999998
1903.4,2.0625,0.0014437500000000002,0.6,0.23125,0.26,3.15,0.4286,1.805,1.2
1903.7,1.4128125,0.0016015234374999999,0.5834999999999999,0.22812500000000002,0.21779679687499998,8.3854125,0.5237171875000001,1.11125,1.7354850000000002
1904.15,1.5750000000000002,0.0013000000000000002,0.6,0.25,0.31562500000000004,5.1,0.343,1.7,0.96
1906.45,1.6877343749999998,0.002514120703125,0.8565,0.29385312500000005,0.2992595703125,3.96209765625,0.43824375000000004,1.51296875,1.2769875000000002
1907.95,2.1970078125,0.0019657811328125004,0.6,0.19835156250000002,0.36960891601562496,5.279267578124999,0.3678609375000001,0.7965738281250001,1.140795
1908.3,1.8814687499999998,0.0018101875000000002,0.6172500000000001,0.25687499999999996,0.6960304687500001,4.844765625,0.3849,2.3191875,1.7598749999999999
1908.7,2.53210546875,0.00239435068359375,0.5774999999999999,0.37399140624999994,0.25613301269531247,6.341915039062499,0.440277890625,0.9513671875,1.147246875
1910.1,2.07515625,0.0012065476562500002,0.555,0.243234375,0.28439843750000005,4.618966406249999,0.76100625,0.9878125,2.0267325
1910.2,2.0475000000000003,0.00123125,0.6,0.240625,0.288125,4.17,0.8585,0.905,2.2185
1910.75,1.5,0.001,0.6,0.25,0.25,3.0,0.4,1.0,1.2
1911.85,1.5954187499999999,0.0013025656250000002,0.746915625,0.22839101562500003,0.2673046875,8.964187499999998,0.8684981250000001,1.1254750000000002,0.9641625
1912.25,2.7126093749999995,0.0013755216796875,0.5925,0.318696875,0.49308556640625,3.51569484375,0.9808415625,0.8143750000000001,1.7132377500000002
1912.5,4.16990625,0.001273578125,1.02,0.2353125,0.20808593749999998,3.158953125,0.5760500000000001,1.4915625,1.1381999999999999
1913.7,2.25635625,0.0012888515625,0.58125,0.16562109375,0.37607421875,7.8833906250000005,0.4298375,1.05965625,1.2389655
1915.3,1.6435546875,0.0023609016289062503,0.5625,0.36709296874999997,0.23906503906250004,7.4397561328125,0.5197265625,1.3830624999999999,1.4850240000000001
1916.2,2.0175,0.00235933984375,0.6493125,0.42856070312500005,0.6202078125,2.4740624999999996,0.79703875,0.9371875000000001,1.2596249999999998
1916.7,2.0231250000000003,0.0012893906250000002,0.9024375,0.3918278125,0.43341308593749994,3.9926015625,0.37927125,1.436540625,1.5976499999999998
1916.8,1.5975000000000001,0.0012837500000000002,0.6,0.6249375,0.29375,3.42,0.36,1.0,1.2480000000000002
1917.7,2.098125,0.0018000054687500003,0.5887499999999999,0.25184375000000003,0.328515625,3.97490625,0.4763775,2.717875,1.082475
1918.35,2.8785000000000003,0.001356875,0.70875,0.3599296875,0.368593359375,3.620203125,0.37814000000000003,1.413125,1.251
1918.85,1.6524,0.00137953193359375,1.5287578125,0.21667148437499997,0.43462890625,3.7843829296875,0.5453877500000001,1.52628125,1.1755593750000002
1920.25,1.9049999999999998,0.0013237500000000003,0.6,0.24375,0.21400000000000002,6.6045,0.5807000000000001,0.9525,0.8793600000000001
1920.5,2.353125,0.00203846875,0.399,0.20315625000000004,0.36865624999999996,8.49834375,0.46638750000000007,1.646875,1.60905
1920.8,2.6876814140625003,0.00166971875,0.5343749999999999,0.51518181640625,0.236342919921875,8.143989960937501,0.5943125,1.09709375,1.197895875
1922.6,1.703428125,0.0025013054687500003,0.585,0.45543437500000006,0.311644140625,9.03320859375,0.6181968750000001,1.100875,1.3371
1923.35,1.86046875,0.0013311367187500002,1.2433124999999998,0.30665625,0.22942578125000002,3.751125,0.46779843750000005,1.1571875,1.3327875000000002
1923.6,2.19512109375,0.00111912203125,0.57375,0.1903515625,0.312939453125,3.9163137304687496,0.397329140625,0.8291968749999999,1.5153225
1924.4,1.93125,0.0014218750000000002,1.14,0.240625,0.255,3.075,0.45930000000000004,2.21425,1.2
1928.7,1.425,0.001065625,0.786,0.25125,0.2640625,5.6295,0.6245375,0.85,1.1400000000000001
1930.95,3.9572812500000003,0.0012109375000000002,0.585,0.243359375,0.260453125,6.241443749999999,0.5112500000000001,1.379375,3.7577385
1931.55,3.5133375,0.0013234857421875,0.6969374999999999,0.426965625,0.25019531250000004,3.8597390625,0.62527421875,0.9984375000000001,2.1357
1932.4,1.4212500000000001,0.0014778125,0.81375,0.35818593749999994,0.40468710937499996,3.545203125,0.4916125,0.9541874999999999,1.1196000000000002
1936.5,3.4267457812499997,0.001470078125,0.48824999999999996,0.6145296484375,1.1120676171875,3.5094374999999998,1.074538125,1.1600000000000001,1.4643855000000001
1936.8,1.5639796875,0.001290625,0.5925,0.36862343750000004,0.354140625,3.8099999999999996,0.32755953125,1.04496875,0.751275
1936.9,1.9221375,0.00128828125,0.5700000000000001,0.24453125,0.3615625,9.611981249999998,0.4349671875,1.5813718749999999,0.8504400000000001
1938.0,1.668046875,0.0007579635546875,0.585,0.24259375,0.43025390625,6.9636495703125005,0.571890625,0.893671875,1.36464
1939.35,1.4175,0.00189,0.795,0.24725000000000003,0.321875,5.025,0.41250000000000003,1.4260000000000002,1.845
1940.45,2.19439453125,0.0013247626953125,0.6487499999999999,0.1661202197265625,0.312429150390625,4.4445,0.47805375,0.9690624999999999,1.1499712500000001
1941.1,2.175,0.0009135,0.6,0.25,0.261,3.825,0.44000000000000006,0.81,1.2
1941.35,2.208230859375,0.00110664171875,0.5775,0.19870960937499998,0.1989274560546875,3.3640185937499996,0.7192007812500001,0.9452734375,1.651738125
1942.25,1.7625000000000002,0.00128125,0.6,0.2078125,0.29109375,2.0750624999999996,0.40325000000000005,1.0,1.3050000000000002
1943.5,2.0271375000000003,0.002570462421875,0.55875,0.2245,0.21706250000000005,5.321343749999999,0.5288446875,1.5664687499999999,0.8509725
1946.35,1.54553671875,0.0010928153671875,0.8034375,0.27801718750000004,0.37131283203125,4.767163145507812,0.39492742187499996,1.19873046875,1.3431315
1946.8,1.933125,0.00134203125,0.7994999999999999,0.230078125,0.28518359375,4.247953125,0.7328125,1.021875,2.031075
1948.45,1.9600546875000002,0.0012856644531250001,0.67696875,0.316268208984375,0.402227705078125,4.26719958984375,0.371255,1.2731921874999999,1.4125421249999999
1948.55,1.6509375,0.001170453125,0.6,0.186375,0.35672578125,3.1486406249999996,0.5246250000000001,1.021875,1.5079500000000001
1948.85,2.1,0.00184875,0.42,0.2125,0.30625,2.3099999999999996,0.7505,1.0,0.96
1950.1,2.8517109375,0.001470994140625,0.5549999999999999,0.18956093749999997,0.30740322265625,4.536580078124999,0.5645203125,0.977734375,1.12299375
1950.85,1.35,0.00121875,0.54,0.47700000000000004,0.3154375,3.24,0.46112499999999995,1.0,0.96
1956.3,2.07890625,0.0011792187500000001,0.6375,0.559771875,0.45646875000000003,3.1736250000000004,0.6606875000000001,1.1071875,1.3968000000000003
1956.75,2.0549999999999997,0.00104375,0.6,0.23125,0.21400000000000002,9.946499999999999,0.574875,0.63175,0.9192
1956.9,2.1138515625000003,0.00151472724609375,0.61434375,0.334149609375,0.79478447265625,4.2540375,0.523568359375,1.169375,1.66051875
1957.5,1.6875,0.0008859375,0.6,0.23125,0.253875,7.343249999999999,0.5074375,1.5501624999999999,1.1646
1957.75,1.86369140625,0.00168004625,0.6749999999999999,0.1637139697265625,0.22807657714843751,6.167633203124999,0.78561090625,0.838515625,1.23099375
1957.85,1.5602343749999998,0.0012363632812500002,0.81,0.519451875,0.2766814453125,3.90716015625,0.3745575000000001,1.1554687499999998,3.18832875
1958.05,1.910625,0.0018900000000000002,0.6,0.25515625000000003,0.28125,3.5250000000000004,0.7930000000000001,0.85,1.1715
1960.05,3.252862828125,0.0018395703124999998,0.48,0.6236761328125,0.29227177734375,4.334377734375,0.643153125,1.0441875,1.1065417499999999
1961.45,1.7756250000000002,0.0013803125,0.6,0.5996578125,0.2659375,4.5840000000000005,0.49787499999999996,0.975,2.3133600000000003
1965.3,1.54125,0.0021090625,0.54,0.40640624999999997,0.22505468750000002,7.957021875,0.4045,0.939375,1.2375
1966.0,1.3974609375,0.0014799890625,0.8865,0.60999453125,0.396328125,3.3758250000000007,0.5695012500000001,1.4004374999999998,1.32525
1968.0,2.4812958984374998,0.001027923806640625,0.62268046875,0.27334921874999996,0.261826904296875,4.276743969726562,0.49401224218750006,1.040810546875,3.51079822335
1971.0,2.632875,0.001141875,0.6,0.43746875,0.271875,3.21,0.38,1.0,0.9792000000000002
1971.95,1.516875,0.0015489625,0.6,0.6441890625,0.303125,6.149643749999999,0.5920000000000001,0.8,1.3170000000000002
1973.25,1.5675000000000001,0.001859734375,0.5774999999999999,0.23125,0.28046875,3.939,0.67844375,1.35,1.1684999999999999
1974.65,1.7752734374999999,0.00126685916015625,0.5925,0.3216359375,0.262626953125,4.1839447265625,0.5861953125000001,1.083984375,2.6975592
1976.5,1.71,0.0020475000000000003,0.5700000000000001,0.29937499999999995,0.45,3.3,0.48500000000000004,1.7999999999999998,2.43
1976.65,2.19,0.0015854062500000002,0.585,0.2421875,0.35309375,5.4736875,0.5906,0.9512499999999999,1.1731800000000001
1977.3,2.41425,0.0018714304687500003,0.79715625,0.42868085937500006,0.302765625,3.6252070312499995,0.3657653125,1.04121875,1.4274525
1978.5,1.725,0.0009875,0.6,0.240625,0.2321875,2.9587499999999998,0.42250000000000004,1.0,1.4100000000000001
1980.7,2.0250000000000004,0.00133125,0.495,0.15968749999999998,0.346875,2.9775,0.7038000000000001,1.715,0.819
1982.8,1.5,0.00135,0.6,0.25,0.475,4.2,0.38,1.0,1.2
1982.85,2.71265625,0.0016003125,0.825,0.32796875000000003,0.590378125,2.676,0.424075,1.126875,1.1325
1985.1,1.6125,0.001275,0.6,0.19625,0.22234375,3.6358124999999997,0.36900000000000005,1.0875,1.3050000000000002
1985.4,1.76625,0.0015965624999999999,0.9989999999999999,0.21015625,0.2641171875,5.19590625,0.48812500000000003,1.04375,1.1895000000000002
1985.7,1.8225,0.0014875,0.6,0.51425,0.2125,4.185,0.44000000000000006,1.35,1.3530000000000002
1986.55,1.35,0.0011312499999999999,0.9720000000000001,0.265,0.278125,3.255,0.33475,1.0,1.2
1987.2,2.4071724609375,0.0020318046347656254,0.5025,0.370339453125,0.3293260571289062,4.4302588769531255,0.6296589843750001,1.33744521484375,1.4905788750000002
1987.3,3.6751875000000003,0.001098828125,0.5593125,0.24518359375,0.23682531249999997,3.7893749999999997,0.49381250000000004,1.0939999999999999,1.09245
1988.55,1.64203125,0.0012322694531250002,1.083,0.23518750000000002,0.2990234375,4.10648203125,0.41358125,2.7045,1.0773000000000001
1990.8,1.010625,0.0014624999999999998,0.5700000000000001,0.24075000000000002,0.24734374999999997,5.16375,0.37562500000000004,0.69125,0.918
1991.15,2.14792734375,0.001535359375,0.8628750000000001,0.22379164062499998,0.2412265625,5.501531249999999,0.5119560937500001,1.166859375,1.8234450000000002
1991.7,1.689375,0.0010324406250000002,0.54,0.22062500000000002,0.25703125,3.31790625,0.49012500000000003,1.04375,1.0764
1991.7,1.5825,0.00128125,0.6,0.20390625,0.45807812499999995,4.719375,0.45125000000000004,1.8,1.5150000000000001
1991.95,2.595375,0.0013375000000000001,1.13475,0.279734375,0.340703125,6.0555,0.4769500000000001,1.47375,1.2075
1992.7,1.5375,0.001225,0.54,0.2315,0.24468749999999997,7.6274999999999995,0.39125000000000004,0.975,1.095
1992.9,1.73205,0.0012644453125000002,1.025625,0.32839062500000005,0.4049166796875,2.8444549218749993,0.58474375,1.4537499999999999,1.38705
1996.75,1.35,0.001175,0.51,0.24375,0.35,2.9699999999999998,0.39,2.43,0.798
1999.95,1.6717968749999998,0.0015209300781250002,0.585,0.452021875,0.26119140625000004,4.732076953125,0.5921406250000001,1.08046875,2.0444880000000003
2000.55,2.465859375,0.0021888701953125,0.549,0.283833984375,0.542925,7.476283945312501,0.38298125000000005,1.05609375,1.1528625
2000.65,2.10984375,0.0024575372656249995,0.5700000000000001,0.24675000000000002,0.2517578125,5.147528906250001,0.9643093749999999,0.77484375,1.0821
2003.45,1.8519375,0.0012187031250000002,0.4598409375,0.23151601562500002,0.5240554687500001,3.1059374999999996,0.5852748125,0.814875,1.9720125
2004.7,1.54546875,0.0013727265625,0.6,0.1994375,0.303362890625,4.8143203125,0.45208125000000005,1.0109375,1.5639750000000001
2008.95,2.2984921875,0.0013409691406250002,0.5257499999999999,0.28049521484375,0.35427116210937504,3.7708988085937496,0.34161937500000006,1.004921875,0.8496019874999998
2010.0,1.1358375,0.0022126640625000004,0.8938312500000001,0.22553203125000001,0.32060937500000003,7.981874999999999,0.44688750000000005,2.1819375000000005,1.009125
2013.75,2.1992812500000003,0.0013726562500000002,0.72,0.45577734375,0.3885690234375,6.267537421874999,0.6027625,1.4021875,1.344375
2015.65,1.5984375,0.00116240625,0.72,0.20662500000000003,0.2784375,2.78775,0.39012500000000006,1.164375,1.6725
2016.4,1.8,0.0012600000000000003,0.6,0.25,0.25,2.4000000000000004,0.8820000000000001,1.0,1.2
2017.85,2.856515625,0.0027065622656250003,0.6599999999999999,0.20928125000000003,0.49453033203124996,2.93103515625,0.4262187500000001,0.7951640625,1.18659
2018.3,1.970625,0.00230296875,0.6,0.22728125,0.27437500000000004,2.8575,0.5831500000000001,1.35125,1.3050000000000002
2020.1,3.169125,0.0012412500000000002,0.5700000000000001,0.227109375,0.3643515625,11.537437500000001,0.396125,1.24125,1.4100000000000001
2020.9,1.0499999999999998,0.001545,0.5774999999999999,0.26328125,0.2451640625,7.9027312499999995,0.51535,0.9937499999999999,1.5225
2023.75,1.7850000000000001,0.001275,0.6,0.207375,0.278125,4.571624999999999,0.4625,1.525,1.62
2024.0,1.48533720703125,0.0012979394892578128,0.53313046875,0.51478357421875,0.305281494140625,5.141750544433593,0.8425107033203125,1.2443094140625002,1.6069782187500001
2025.95,3.1995,0.001065625,0.48,0.240625,0.31825000000000003,6.465749999999999,0.41011875000000003,0.815875,1.0596
2031.65,1.389609375,0.00098342109375,0.5549999999999999,0.424596875,0.34967187499999997,3.0463125,0.703246875,1.87396875,1.369875
2032.1,2.086875,0.0014212500000000002,0.6,0.36890625,0.3734375,2.8875,0.3625,0.8875,1.1715
2039.6,2.9707500000000002,0.00145,0.6,0.6471875,0.31625000000000003,4.92,0.5547500000000001,1.7195,1.3050000000000002
2039.7,1.8918749999999998,0.00153778125,0.675,0.19434375,0.345,3.6218437499999996,0.522,0.9937499999999999,1.20315
2041.95,1.6659375,0.0013745953125,0.70875,0.60417734375,0.47531914062499997,3.3919593750000003,0.5973,1.435,1.55895
2043.95,2.8545234374999997,0.0017519578125000002,0.7845,0.256740625,0.26301259765625,3.450580078125,0.9049657812499999,1.190234375,1.1818537500000001
2049.2,1.233659765625,0.00105597982421875,0.6615,0.255999169921875,0.4192527685546875,4.013152529296875,0.6167846875,1.5631796875,1.3523585624999999
2061.5,2.8306523437499997,0.0012792345703125,0.787875,0.352591357421875,0.3944168310546875,3.655449404296875,0.40737218750000004,0.8080351562499999,1.07730099375
2061.8,1.79232421875,0.00168859189453125,0.65625,0.2794375,0.38661865234375,3.7931352890625,0.43597265625000003,0.9330859375,1.280535
2062.75,1.6003125000000002,0.000978375,0.6930000000000001,0.42545390625,0.265,5.10675,0.5612062499999999,0.73,1.208676
2086.9,1.86626953125,0.0014033196875000002,0.84975,0.7798257421875,0.23032197753906244,4.5313419140625,0.5106646875,1.1089636718749998,1.21407
2087.25,1.545,0.0013875,0.6,0.20625,0.25,4.74,0.4625,0.95,2.3970000000000002
2089.45,1.90435546875,0.00119726376953125,0.931875,0.6000214843749999,0.3200478515625,7.012744857421875,0.5390956875,0.9413906249999999,1.423024125
2091.8,2.8406953125,0.0017535204687500004,0.7311562500000001,0.33034199218750004,0.2342501171875,4.80628803515625,0.5296546875000001,0.990119921875,1.1397975
2099.6,1.6612681640625002,0.0010001758535156252,0.5232609375,0.23307656249999997,0.28087158203125,3.9617604638671873,1.2671557816406251,1.6192757812500003,1.6162164374999999
2105.9,2.7911250000000005,0.0014337500000000001,0.7560000000000001,0.5726875,0.5029062499999999,4.1008125,1.0539000000000003,1.41625,1.4100000000000001
2118.35,1.5750000000000002,0.001375,0.9434999999999999,0.20937499999999998,0.35,2.376,0.387,3.2585,0.6992999999999999
2124.0,1.8180468749999998,0.001082805078125,0.585,0.23009375,0.46954492187499997,4.096264453125,0.411890625,0.99296875,0.9776400000000001
2125.75,1.6096875,0.0021426312656250006,0.585,0.17555000000000004,0.32621445312499997,2.7488840624999997,0.7482968750000001,1.188125,2.6135924999999998
2127.3,3.1554375,0.0028146953125,0.5549999999999999,0.20554296875,0.32063609374999996,3.440625,0.5304000000000001,1.169375,1.3585500000000001
2137.35,1.26,0.0014000000000000002,0.6,0.25,0.25,3.0,0.49000000000000005,1.0,1.2
2139.15,1.6500000000000001,0.0010500000000000002,0.42,0.2375,0.29375,4.05,0.49000000000000005,0.95,1.02
2143.2,1.90875,0.0013770189453124998,1.1868468749999999,0.30178035156250005,0.48510390625,2.7220312499999997,0.5905193750000001,1.8403281249999999,1.2298125
2148.0,1.9922578125000001,0.0019751561328125,0.6299999999999999,0.399290625,0.38320266601562497,4.755017578125,0.42310937500000007,0.8225820312500001,1.215795
2150.5,1.2000000000000002,0.0014000000000000002,0.6,0.25,0.3375,3.0,0.4,1.0,1.2
2157.0,1.9838250000000002,0.00126109375,0.42,0.985270234375,0.26890625,3.8970000000000002,0.7900874999999999,0.9875,1.152396
2167.7,1.26609375,0.0016539062500000002,0.72,0.3332421875,0.44507560546874997,6.316755468749999,0.5776625,0.9359375000000001,1.225125
2193.7,1.955625,0.0031497812500000002,0.9690000000000001,0.32810937500000004,0.23934375,2.8440000000000003,0.502875,1.4249999999999998,0.9817200000000003
2196.6,1.236375,0.001340625,0.6,0.23828125,0.22223671875,7.957021875,0.49450000000000005,1.04375,1.3575
2198.35,1.7731054687499999,0.0012628887695312501,0.721875,0.19517578125,0.36504785156249997,3.805969365234375,0.597994609375,0.966390625,1.423024125
2218.75,3.03078984375,0.00167498837890625,0.580875,0.20023570898437498,0.25386025390625,4.341700749023437,0.701499296875,1.7641499999999999,1.562503875
2247.25,1.7100000000000002,0.0017975109375000004,0.5774999999999999,0.2099375,0.29453125,4.7248125,0.567755,2.2725,0.96495
2263.2,3.1875,0.0011371875,0.45600000000000007,0.3949609375,0.25323437499999996,13.4085375,0.40256250000000005,0.95,1.1332499999999999
2314.1,2.65125,0.00111375,0.6,0.2165625,0.42924999999999996,8.350499999999998,0.542,0.925,1.3050000000000002
